RESP,TC1,TT1,TC2,TT2,CHOICE
1,5,25,7,35,1
1,8,20,5,40,2
1,6,20,6,40,1
1,7,35,5,25,2
1,6,40,6,25,2
1,8,25,4,35,1
1,4,30,8,30,1
1,4,35,8,20,2
1,5,40,7,20,2
1,7,30,4,30,2
2,5,25,7,35,1
2,8,20,5,40,1
2,6,20,6,40,1
2,7,35,5,25,2
2,6,40,6,25,2
2,8,25,4,35,2
2,4,30,8,30,1
2,4,35,8,20,2
2,5,40,7,20,2
2,7,30,4,30,1
3,5,25,7,35,1
3,8,20,5,40,1
3,6,20,6,40,1
3,7,35,5,25,2
3,6,40,6,25,2
3,8,25,4,35,2
3,4,30,8,30,2
3,4,35,8,20,1
3,5,40,7,20,2
3,7,30,4,30,2
4,5,25,7,35,1
4,8,20,5,40,1
4,6,20,6,40,1
4,7,35,5,25,2
4,6,40,6,25,2
4,8,25,4,35,2
4,4,30,8,30,1
4,4,35,8,20,2
4,5,40,7,20,2
4,7,30,4,30,2
5,5,25,7,35,1
5,8,20,5,40,2
5,6,20,6,40,1
5,7,35,5,25,2
5,6,40,6,25,2
5,8,25,4,35,1
5,4,30,8,30,1
5,4,35,8,20,2
5,5,40,7,20,2
5,7,30,4,30,2
6,5,25,7,35,1
6,8,20,5,40,2
6,6,20,6,40,2
6,7,35,5,25,2
6,6,40,6,25,2
6,8,25,4,35,2
6,4,30,8,30,2
6,4,35,8,20,1
6,5,40,7,20,2
6,7,30,4,30,2
7,5,25,7,35,1
7,8,20,5,40,1
7,6,20,6,40,2
7,7,35,5,25,2
7,6,40,6,25,2
7,8,25,4,35,2
7,4,30,8,30,2
7,4,35,8,20,2
7,5,40,7,20,2
7,7,30,4,30,2
8,5,25,7,35,1
8,8,20,5,40,2
8,6,20,6,40,1
8,7,35,5,25,2
8,6,40,6,25,2
8,8,25,4,35,2
8,4,30,8,30,2
8,4,35,8,20,2
8,5,40,7,20,2
8,7,30,4,30,2
9,5,25,7,35,1
9,8,20,5,40,1
9,6,20,6,40,1
9,7,35,5,25,2
9,6,40,6,25,2
9,8,25,4,35,2
9,4,30,8,30,1
9,4,35,8,20,1
9,5,40,7,20,2
9,7,30,4,30,2
10,5,25,7,35,1
10,8,20,5,40,1
10,6,20,6,40,1
10,7,35,5,25,2
10,6,40,6,25,2
10,8,25,4,35,2
10,4,30,8,30,1
10,4,35,8,20,2
10,5,40,7,20,1
10,7,30,4,30,2
11,5,25,7,35,1
11,8,20,5,40,1
11,6,20,6,40,1
11,7,35,5,25,2
11,6,40,6,25,2
11,8,25,4,35,2
11,4,30,8,30,1
11,4,35,8,20,1
11,5,40,7,20,2
11,7,30,4,30,2
12,5,25,7,35,1
12,8,20,5,40,1
12,6,20,6,40,1
12,7,35,5,25,2
12,6,40,6,25,2
12,8,25,4,35,2
12,4,30,8,30,1
12,4,35,8,20,2
12,5,40,7,20,2
12,7,30,4,30,2
13,5,25,7,35,1
13,8,20,5,40,2
13,6,20,6,40,1
13,7,35,5,25,2
13,6,40,6,25,2
13,8,25,4,35,2
13,4,30,8,30,1
13,4,35,8,20,2
13,5,40,7,20,2
13,7,30,4,30,2
14,5,25,7,35,1
14,8,20,5,40,1
14,6,20,6,40,1
14,7,35,5,25,2
14,6,40,6,25,2
14,8,25,4,35,2
14,4,30,8,30,1
14,4,35,8,20,1
14,5,40,7,20,2
14,7,30,4,30,2
15,5,25,7,35,1
15,8,20,5,40,1
15,6,20,6,40,1
15,7,35,5,25,2
15,6,40,6,25,2
15,8,25,4,35,2
15,4,30,8,30,1
15,4,35,8,20,1
15,5,40,7,20,2
15,7,30,4,30,2
16,5,25,7,35,1
16,8,20,5,40,1
16,6,20,6,40,1
16,7,35,5,25,2
16,6,40,6,25,2
16,8,25,4,35,2
16,4,30,8,30,1
16,4,35,8,20,2
16,5,40,7,20,2
16,7,30,4,30,2
17,5,25,7,35,1
17,8,20,5,40,2
17,6,20,6,40,1
17,7,35,5,25,2
17,6,40,6,25,2
17,8,25,4,35,2
17,4,30,8,30,1
17,4,35,8,20,1
17,5,40,7,20,2
17,7,30,4,30,2
18,5,25,7,35,1
18,8,20,5,40,1
18,6,20,6,40,1
18,7,35,5,25,1
18,6,40,6,25,1
18,8,25,4,35,2
18,4,30,8,30,1
18,4,35,8,20,2
18,5,40,7,20,2
18,7,30,4,30,2
19,5,25,7,35,1
19,8,20,5,40,2
19,6,20,6,40,1
19,7,35,5,25,2
19,6,40,6,25,2
19,8,25,4,35,2
19,4,30,8,30,1
19,4,35,8,20,1
19,5,40,7,20,1
19,7,30,4,30,2
20,5,25,7,35,1
20,8,20,5,40,2
20,6,20,6,40,1
20,7,35,5,25,2
20,6,40,6,25,2
20,8,25,4,35,2
20,4,30,8,30,1
20,4,35,8,20,2
20,5,40,7,20,2
20,7,30,4,30,2
21,5,25,7,35,2
21,8,20,5,40,1
21,6,20,6,40,1
21,7,35,5,25,2
21,6,40,6,25,1
21,8,25,4,35,1
21,4,30,8,30,1
21,4,35,8,20,2
21,5,40,7,20,2
21,7,30,4,30,2
22,5,25,7,35,2
22,8,20,5,40,2
22,6,20,6,40,1
22,7,35,5,25,2
22,6,40,6,25,2
22,8,25,4,35,2
22,4,30,8,30,1
22,4,35,8,20,1
22,5,40,7,20,1
22,7,30,4,30,1
23,5,25,7,35,1
23,8,20,5,40,1
23,6,20,6,40,1
23,7,35,5,25,2
23,6,40,6,25,2
23,8,25,4,35,2
23,4,30,8,30,1
23,4,35,8,20,2
23,5,40,7,20,2
23,7,30,4,30,2
24,5,25,7,35,1
24,8,20,5,40,1
24,6,20,6,40,1
24,7,35,5,25,2
24,6,40,6,25,2
24,8,25,4,35,2
24,4,30,8,30,1
24,4,35,8,20,1
24,5,40,7,20,2
24,7,30,4,30,2
25,5,25,7,35,1
25,8,20,5,40,2
25,6,20,6,40,1
25,7,35,5,25,2
25,6,40,6,25,2
25,8,25,4,35,1
25,4,30,8,30,1
25,4,35,8,20,1
25,5,40,7,20,2
25,7,30,4,30,2
26,5,25,7,35,1
26,8,20,5,40,2
26,6,20,6,40,1
26,7,35,5,25,2
26,6,40,6,25,2
26,8,25,4,35,1
26,4,30,8,30,1
26,4,35,8,20,1
26,5,40,7,20,1
26,7,30,4,30,2
27,5,25,7,35,1
27,8,20,5,40,1
27,6,20,6,40,1
27,7,35,5,25,2
27,6,40,6,25,2
27,8,25,4,35,2
27,4,30,8,30,1
27,4,35,8,20,2
27,5,40,7,20,2
27,7,30,4,30,2
28,5,25,7,35,1
28,8,20,5,40,2
28,6,20,6,40,1
28,7,35,5,25,2
28,6,40,6,25,1
28,8,25,4,35,2
28,4,30,8,30,1
28,4,35,8,20,2
28,5,40,7,20,2
28,7,30,4,30,2
29,5,25,7,35,1
29,8,20,5,40,2
29,6,20,6,40,1
29,7,35,5,25,2
29,6,40,6,25,2
29,8,25,4,35,2
29,4,30,8,30,1
29,4,35,8,20,1
29,5,40,7,20,2
29,7,30,4,30,2
30,5,25,7,35,1
30,8,20,5,40,1
30,6,20,6,40,1
30,7,35,5,25,2
30,6,40,6,25,2
30,8,25,4,35,1
30,4,30,8,30,2
30,4,35,8,20,2
30,5,40,7,20,2
30,7,30,4,30,2
31,5,25,7,35,1
31,8,20,5,40,1
31,6,20,6,40,1
31,7,35,5,25,2
31,6,40,6,25,2
31,8,25,4,35,2
31,4,30,8,30,1
31,4,35,8,20,1
31,5,40,7,20,2
31,7,30,4,30,2
32,5,25,7,35,1
32,8,20,5,40,1
32,6,20,6,40,1
32,7,35,5,25,2
32,6,40,6,25,2
32,8,25,4,35,2
32,4,30,8,30,1
32,4,35,8,20,2
32,5,40,7,20,2
32,7,30,4,30,2
33,5,25,7,35,1
33,8,20,5,40,1
33,6,20,6,40,1
33,7,35,5,25,2
33,6,40,6,25,2
33,8,25,4,35,2
33,4,30,8,30,1
33,4,35,8,20,2
33,5,40,7,20,2
33,7,30,4,30,2
34,5,25,7,35,1
34,8,20,5,40,2
34,6,20,6,40,1
34,7,35,5,25,2
34,6,40,6,25,2
34,8,25,4,35,2
34,4,30,8,30,1
34,4,35,8,20,1
34,5,40,7,20,2
34,7,30,4,30,2
35,5,25,7,35,1
35,8,20,5,40,2
35,6,20,6,40,2
35,7,35,5,25,2
35,6,40,6,25,2
35,8,25,4,35,2
35,4,30,8,30,1
35,4,35,8,20,2
35,5,40,7,20,2
35,7,30,4,30,2
36,5,25,7,35,1
36,8,20,5,40,2
36,6,20,6,40,1
36,7,35,5,25,2
36,6,40,6,25,2
36,8,25,4,35,2
36,4,30,8,30,1
36,4,35,8,20,1
36,5,40,7,20,2
36,7,30,4,30,1
37,5,25,7,35,1
37,8,20,5,40,1
37,6,20,6,40,1
37,7,35,5,25,2
37,6,40,6,25,1
37,8,25,4,35,2
37,4,30,8,30,1
37,4,35,8,20,2
37,5,40,7,20,2
37,7,30,4,30,2
38,5,25,7,35,1
38,8,20,5,40,1
38,6,20,6,40,1
38,7,35,5,25,2
38,6,40,6,25,1
38,8,25,4,35,2
38,4,30,8,30,1
38,4,35,8,20,1
38,5,40,7,20,2
38,7,30,4,30,2
39,5,25,7,35,1
39,8,20,5,40,1
39,6,20,6,40,1
39,7,35,5,25,2
39,6,40,6,25,2
39,8,25,4,35,2
39,4,30,8,30,2
39,4,35,8,20,2
39,5,40,7,20,2
39,7,30,4,30,2
40,5,25,7,35,1
40,8,20,5,40,2
40,6,20,6,40,1
40,7,35,5,25,2
40,6,40,6,25,1
40,8,25,4,35,2
40,4,30,8,30,2
40,4,35,8,20,2
40,5,40,7,20,1
40,7,30,4,30,2
41,5,25,7,35,1
41,8,20,5,40,1
41,6,20,6,40,1
41,7,35,5,25,2
41,6,40,6,25,2
41,8,25,4,35,2
41,4,30,8,30,1
41,4,35,8,20,1
41,5,40,7,20,2
41,7,30,4,30,2
42,5,25,7,35,1
42,8,20,5,40,1
42,6,20,6,40,1
42,7,35,5,25,2
42,6,40,6,25,2
42,8,25,4,35,1
42,4,30,8,30,2
42,4,35,8,20,2
42,5,40,7,20,2
42,7,30,4,30,2
43,5,25,7,35,1
43,8,20,5,40,1
43,6,20,6,40,1
43,7,35,5,25,2
43,6,40,6,25,2
43,8,25,4,35,2
43,4,30,8,30,1
43,4,35,8,20,2
43,5,40,7,20,2
43,7,30,4,30,2
44,5,25,7,35,1
44,8,20,5,40,1
44,6,20,6,40,1
44,7,35,5,25,2
44,6,40,6,25,2
44,8,25,4,35,2
44,4,30,8,30,2
44,4,35,8,20,1
44,5,40,7,20,2
44,7,30,4,30,2
45,5,25,7,35,1
45,8,20,5,40,2
45,6,20,6,40,1
45,7,35,5,25,2
45,6,40,6,25,2
45,8,25,4,35,2
45,4,30,8,30,2
45,4,35,8,20,2
45,5,40,7,20,2
45,7,30,4,30,2
46,5,25,7,35,1
46,8,20,5,40,2
46,6,20,6,40,1
46,7,35,5,25,2
46,6,40,6,25,2
46,8,25,4,35,1
46,4,30,8,30,1
46,4,35,8,20,1
46,5,40,7,20,2
46,7,30,4,30,2
47,5,25,7,35,1
47,8,20,5,40,1
47,6,20,6,40,1
47,7,35,5,25,2
47,6,40,6,25,2
47,8,25,4,35,2
47,4,30,8,30,1
47,4,35,8,20,2
47,5,40,7,20,2
47,7,30,4,30,2
48,5,25,7,35,1
48,8,20,5,40,1
48,6,20,6,40,1
48,7,35,5,25,2
48,6,40,6,25,2
48,8,25,4,35,1
48,4,30,8,30,1
48,4,35,8,20,2
48,5,40,7,20,2
48,7,30,4,30,2
49,5,25,7,35,1
49,8,20,5,40,1
49,6,20,6,40,1
49,7,35,5,25,2
49,6,40,6,25,2
49,8,25,4,35,1
49,4,30,8,30,1
49,4,35,8,20,1
49,5,40,7,20,2
49,7,30,4,30,2
50,5,25,7,35,1
50,8,20,5,40,2
50,6,20,6,40,1
50,7,35,5,25,2
50,6,40,6,25,2
50,8,25,4,35,2
50,4,30,8,30,1
50,4,35,8,20,2
50,5,40,7,20,2
50,7,30,4,30,2
51,5,25,7,35,1
51,8,20,5,40,1
51,6,20,6,40,1
51,7,35,5,25,2
51,6,40,6,25,2
51,8,25,4,35,1
51,4,30,8,30,1
51,4,35,8,20,2
51,5,40,7,20,2
51,7,30,4,30,2
52,5,25,7,35,1
52,8,20,5,40,2
52,6,20,6,40,2
52,7,35,5,25,2
52,6,40,6,25,2
52,8,25,4,35,2
52,4,30,8,30,1
52,4,35,8,20,2
52,5,40,7,20,2
52,7,30,4,30,2
53,5,25,7,35,1
53,8,20,5,40,2
53,6,20,6,40,1
53,7,35,5,25,2
53,6,40,6,25,2
53,8,25,4,35,2
53,4,30,8,30,1
53,4,35,8,20,1
53,5,40,7,20,2
53,7,30,4,30,2
54,5,25,7,35,1
54,8,20,5,40,2
54,6,20,6,40,1
54,7,35,5,25,1
54,6,40,6,25,2
54,8,25,4,35,2
54,4,30,8,30,1
54,4,35,8,20,2
54,5,40,7,20,2
54,7,30,4,30,1
55,5,25,7,35,1
55,8,20,5,40,1
55,6,20,6,40,1
55,7,35,5,25,2
55,6,40,6,25,2
55,8,25,4,35,2
55,4,30,8,30,1
55,4,35,8,20,2
55,5,40,7,20,1
55,7,30,4,30,2
56,5,25,7,35,1
56,8,20,5,40,1
56,6,20,6,40,1
56,7,35,5,25,2
56,6,40,6,25,2
56,8,25,4,35,1
56,4,30,8,30,2
56,4,35,8,20,2
56,5,40,7,20,2
56,7,30,4,30,2
57,5,25,7,35,1
57,8,20,5,40,1
57,6,20,6,40,1
57,7,35,5,25,2
57,6,40,6,25,2
57,8,25,4,35,1
57,4,30,8,30,1
57,4,35,8,20,2
57,5,40,7,20,2
57,7,30,4,30,2
58,5,25,7,35,1
58,8,20,5,40,1
58,6,20,6,40,1
58,7,35,5,25,2
58,6,40,6,25,2
58,8,25,4,35,2
58,4,30,8,30,1
58,4,35,8,20,2
58,5,40,7,20,1
58,7,30,4,30,2
59,5,25,7,35,1
59,8,20,5,40,1
59,6,20,6,40,2
59,7,35,5,25,2
59,6,40,6,25,2
59,8,25,4,35,2
59,4,30,8,30,1
59,4,35,8,20,2
59,5,40,7,20,2
59,7,30,4,30,2
60,5,25,7,35,1
60,8,20,5,40,1
60,6,20,6,40,1
60,7,35,5,25,1
60,6,40,6,25,2
60,8,25,4,35,2
60,4,30,8,30,2
60,4,35,8,20,2
60,5,40,7,20,2
60,7,30,4,30,2
61,5,25,7,35,1
61,8,20,5,40,2
61,6,20,6,40,1
61,7,35,5,25,2
61,6,40,6,25,2
61,8,25,4,35,2
61,4,30,8,30,2
61,4,35,8,20,2
61,5,40,7,20,2
61,7,30,4,30,2
62,5,25,7,35,2
62,8,20,5,40,2
62,6,20,6,40,1
62,7,35,5,25,2
62,6,40,6,25,2
62,8,25,4,35,2
62,4,30,8,30,1
62,4,35,8,20,2
62,5,40,7,20,2
62,7,30,4,30,2
63,5,25,7,35,1
63,8,20,5,40,1
63,6,20,6,40,1
63,7,35,5,25,2
63,6,40,6,25,2
63,8,25,4,35,2
63,4,30,8,30,1
63,4,35,8,20,2
63,5,40,7,20,2
63,7,30,4,30,2
64,5,25,7,35,1
64,8,20,5,40,1
64,6,20,6,40,1
64,7,35,5,25,2
64,6,40,6,25,2
64,8,25,4,35,2
64,4,30,8,30,1
64,4,35,8,20,1
64,5,40,7,20,2
64,7,30,4,30,2
65,5,25,7,35,1
65,8,20,5,40,1
65,6,20,6,40,1
65,7,35,5,25,2
65,6,40,6,25,2
65,8,25,4,35,2
65,4,30,8,30,1
65,4,35,8,20,2
65,5,40,7,20,2
65,7,30,4,30,2
66,5,25,7,35,1
66,8,20,5,40,2
66,6,20,6,40,1
66,7,35,5,25,2
66,6,40,6,25,2
66,8,25,4,35,2
66,4,30,8,30,1
66,4,35,8,20,2
66,5,40,7,20,2
66,7,30,4,30,2
67,5,25,7,35,1
67,8,20,5,40,2
67,6,20,6,40,1
67,7,35,5,25,2
67,6,40,6,25,2
67,8,25,4,35,1
67,4,30,8,30,1
67,4,35,8,20,1
67,5,40,7,20,1
67,7,30,4,30,2
68,5,25,7,35,1
68,8,20,5,40,2
68,6,20,6,40,2
68,7,35,5,25,2
68,6,40,6,25,2
68,8,25,4,35,2
68,4,30,8,30,1
68,4,35,8,20,1
68,5,40,7,20,2
68,7,30,4,30,2
69,5,25,7,35,1
69,8,20,5,40,1
69,6,20,6,40,1
69,7,35,5,25,1
69,6,40,6,25,2
69,8,25,4,35,1
69,4,30,8,30,1
69,4,35,8,20,2
69,5,40,7,20,2
69,7,30,4,30,2
70,5,25,7,35,2
70,8,20,5,40,1
70,6,20,6,40,1
70,7,35,5,25,2
70,6,40,6,25,2
70,8,25,4,35,2
70,4,30,8,30,1
70,4,35,8,20,1
70,5,40,7,20,2
70,7,30,4,30,2
71,5,25,7,35,2
71,8,20,5,40,1
71,6,20,6,40,1
71,7,35,5,25,2
71,6,40,6,25,2
71,8,25,4,35,2
71,4,30,8,30,1
71,4,35,8,20,2
71,5,40,7,20,2
71,7,30,4,30,2
72,5,25,7,35,1
72,8,20,5,40,1
72,6,20,6,40,1
72,7,35,5,25,2
72,6,40,6,25,2
72,8,25,4,35,1
72,4,30,8,30,2
72,4,35,8,20,2
72,5,40,7,20,2
72,7,30,4,30,1
73,5,25,7,35,1
73,8,20,5,40,1
73,6,20,6,40,1
73,7,35,5,25,2
73,6,40,6,25,2
73,8,25,4,35,1
73,4,30,8,30,1
73,4,35,8,20,2
73,5,40,7,20,2
73,7,30,4,30,2
74,5,25,7,35,1
74,8,20,5,40,2
74,6,20,6,40,1
74,7,35,5,25,2
74,6,40,6,25,1
74,8,25,4,35,2
74,4,30,8,30,1
74,4,35,8,20,1
74,5,40,7,20,2
74,7,30,4,30,2
75,5,25,7,35,1
75,8,20,5,40,2
75,6,20,6,40,1
75,7,35,5,25,2
75,6,40,6,25,2
75,8,25,4,35,2
75,4,30,8,30,2
75,4,35,8,20,1
75,5,40,7,20,2
75,7,30,4,30,2
76,5,25,7,35,1
76,8,20,5,40,2
76,6,20,6,40,1
76,7,35,5,25,2
76,6,40,6,25,2
76,8,25,4,35,2
76,4,30,8,30,2
76,4,35,8,20,2
76,5,40,7,20,2
76,7,30,4,30,2
77,5,25,7,35,1
77,8,20,5,40,2
77,6,20,6,40,1
77,7,35,5,25,2
77,6,40,6,25,2
77,8,25,4,35,2
77,4,30,8,30,1
77,4,35,8,20,1
77,5,40,7,20,2
77,7,30,4,30,1
78,5,25,7,35,1
78,8,20,5,40,1
78,6,20,6,40,1
78,7,35,5,25,2
78,6,40,6,25,2
78,8,25,4,35,2
78,4,30,8,30,1
78,4,35,8,20,2
78,5,40,7,20,2
78,7,30,4,30,1
79,5,25,7,35,1
79,8,20,5,40,2
79,6,20,6,40,2
79,7,35,5,25,2
79,6,40,6,25,1
79,8,25,4,35,1
79,4,30,8,30,1
79,4,35,8,20,2
79,5,40,7,20,2
79,7,30,4,30,2
80,5,25,7,35,1
80,8,20,5,40,2
80,6,20,6,40,1
80,7,35,5,25,2
80,6,40,6,25,2
80,8,25,4,35,2
80,4,30,8,30,1
80,4,35,8,20,1
80,5,40,7,20,1
80,7,30,4,30,2
81,5,25,7,35,1
81,8,20,5,40,1
81,6,20,6,40,1
81,7,35,5,25,2
81,6,40,6,25,2
81,8,25,4,35,2
81,4,30,8,30,1
81,4,35,8,20,2
81,5,40,7,20,1
81,7,30,4,30,2
82,5,25,7,35,1
82,8,20,5,40,1
82,6,20,6,40,1
82,7,35,5,25,2
82,6,40,6,25,2
82,8,25,4,35,2
82,4,30,8,30,1
82,4,35,8,20,2
82,5,40,7,20,2
82,7,30,4,30,2
83,5,25,7,35,1
83,8,20,5,40,1
83,6,20,6,40,1
83,7,35,5,25,2
83,6,40,6,25,2
83,8,25,4,35,1
83,4,30,8,30,2
83,4,35,8,20,2
83,5,40,7,20,2
83,7,30,4,30,2
84,5,25,7,35,2
84,8,20,5,40,2
84,6,20,6,40,1
84,7,35,5,25,2
84,6,40,6,25,2
84,8,25,4,35,2
84,4,30,8,30,1
84,4,35,8,20,2
84,5,40,7,20,1
84,7,30,4,30,2
85,5,25,7,35,1
85,8,20,5,40,1
85,6,20,6,40,1
85,7,35,5,25,2
85,6,40,6,25,2
85,8,25,4,35,2
85,4,30,8,30,1
85,4,35,8,20,2
85,5,40,7,20,2
85,7,30,4,30,2
86,5,25,7,35,1
86,8,20,5,40,1
86,6,20,6,40,1
86,7,35,5,25,2
86,6,40,6,25,2
86,8,25,4,35,1
86,4,30,8,30,1
86,4,35,8,20,2
86,5,40,7,20,1
86,7,30,4,30,2
87,5,25,7,35,1
87,8,20,5,40,2
87,6,20,6,40,1
87,7,35,5,25,2
87,6,40,6,25,2
87,8,25,4,35,2
87,4,30,8,30,1
87,4,35,8,20,2
87,5,40,7,20,2
87,7,30,4,30,2
88,5,25,7,35,1
88,8,20,5,40,1
88,6,20,6,40,1
88,7,35,5,25,1
88,6,40,6,25,2
88,8,25,4,35,1
88,4,30,8,30,2
88,4,35,8,20,1
88,5,40,7,20,2
88,7,30,4,30,2
89,5,25,7,35,1
89,8,20,5,40,2
89,6,20,6,40,1
89,7,35,5,25,2
89,6,40,6,25,2
89,8,25,4,35,2
89,4,30,8,30,1
89,4,35,8,20,2
89,5,40,7,20,2
89,7,30,4,30,2
90,5,25,7,35,1
90,8,20,5,40,1
90,6,20,6,40,2
90,7,35,5,25,1
90,6,40,6,25,2
90,8,25,4,35,2
90,4,30,8,30,2
90,4,35,8,20,1
90,5,40,7,20,2
90,7,30,4,30,2
91,5,25,7,35,1
91,8,20,5,40,1
91,6,20,6,40,1
91,7,35,5,25,2
91,6,40,6,25,2
91,8,25,4,35,1
91,4,30,8,30,1
91,4,35,8,20,2
91,5,40,7,20,2
91,7,30,4,30,2
92,5,25,7,35,1
92,8,20,5,40,1
92,6,20,6,40,1
92,7,35,5,25,2
92,6,40,6,25,2
92,8,25,4,35,2
92,4,30,8,30,1
92,4,35,8,20,2
92,5,40,7,20,2
92,7,30,4,30,2
93,5,25,7,35,1
93,8,20,5,40,1
93,6,20,6,40,1
93,7,35,5,25,2
93,6,40,6,25,2
93,8,25,4,35,2
93,4,30,8,30,2
93,4,35,8,20,2
93,5,40,7,20,2
93,7,30,4,30,2
94,5,25,7,35,1
94,8,20,5,40,1
94,6,20,6,40,1
94,7,35,5,25,2
94,6,40,6,25,2
94,8,25,4,35,2
94,4,30,8,30,1
94,4,35,8,20,1
94,5,40,7,20,2
94,7,30,4,30,2
95,5,25,7,35,1
95,8,20,5,40,1
95,6,20,6,40,1
95,7,35,5,25,2
95,6,40,6,25,2
95,8,25,4,35,2
95,4,30,8,30,1
95,4,35,8,20,1
95,5,40,7,20,2
95,7,30,4,30,2
96,5,25,7,35,1
96,8,20,5,40,2
96,6,20,6,40,1
96,7,35,5,25,2
96,6,40,6,25,2
96,8,25,4,35,2
96,4,30,8,30,1
96,4,35,8,20,2
96,5,40,7,20,2
96,7,30,4,30,2
97,5,25,7,35,1
97,8,20,5,40,1
97,6,20,6,40,2
97,7,35,5,25,2
97,6,40,6,25,2
97,8,25,4,35,1
97,4,30,8,30,2
97,4,35,8,20,2
97,5,40,7,20,2
97,7,30,4,30,1
98,5,25,7,35,1
98,8,20,5,40,1
98,6,20,6,40,1
98,7,35,5,25,2
98,6,40,6,25,2
98,8,25,4,35,1
98,4,30,8,30,1
98,4,35,8,20,1
98,5,40,7,20,2
98,7,30,4,30,2
99,5,25,7,35,1
99,8,20,5,40,1
99,6,20,6,40,1
99,7,35,5,25,2
99,6,40,6,25,2
99,8,25,4,35,1
99,4,30,8,30,1
99,4,35,8,20,1
99,5,40,7,20,2
99,7,30,4,30,2
100,5,25,7,35,1
100,8,20,5,40,2
100,6,20,6,40,1
100,7,35,5,25,2
100,6,40,6,25,2
100,8,25,4,35,2
100,4,30,8,30,1
100,4,35,8,20,2
100,5,40,7,20,2
100,7,30,4,30,2
101,5,25,7,35,1
101,8,20,5,40,2
101,6,20,6,40,1
101,7,35,5,25,2
101,6,40,6,25,2
101,8,25,4,35,2
101,4,30,8,30,1
101,4,35,8,20,1
101,5,40,7,20,1
101,7,30,4,30,2
102,5,25,7,35,1
102,8,20,5,40,1
102,6,20,6,40,1
102,7,35,5,25,2
102,6,40,6,25,2
102,8,25,4,35,2
102,4,30,8,30,1
102,4,35,8,20,1
102,5,40,7,20,2
102,7,30,4,30,2
103,5,25,7,35,1
103,8,20,5,40,1
103,6,20,6,40,1
103,7,35,5,25,2
103,6,40,6,25,2
103,8,25,4,35,2
103,4,30,8,30,1
103,4,35,8,20,2
103,5,40,7,20,2
103,7,30,4,30,2
104,5,25,7,35,1
104,8,20,5,40,1
104,6,20,6,40,1
104,7,35,5,25,2
104,6,40,6,25,2
104,8,25,4,35,2
104,4,30,8,30,1
104,4,35,8,20,1
104,5,40,7,20,2
104,7,30,4,30,2
105,5,25,7,35,1
105,8,20,5,40,1
105,6,20,6,40,1
105,7,35,5,25,2
105,6,40,6,25,2
105,8,25,4,35,2
105,4,30,8,30,1
105,4,35,8,20,2
105,5,40,7,20,2
105,7,30,4,30,2
106,5,25,7,35,1
106,8,20,5,40,1
106,6,20,6,40,1
106,7,35,5,25,1
106,6,40,6,25,2
106,8,25,4,35,2
106,4,30,8,30,1
106,4,35,8,20,2
106,5,40,7,20,2
106,7,30,4,30,2
107,5,25,7,35,1
107,8,20,5,40,2
107,6,20,6,40,1
107,7,35,5,25,2
107,6,40,6,25,2
107,8,25,4,35,1
107,4,30,8,30,1
107,4,35,8,20,2
107,5,40,7,20,2
107,7,30,4,30,2
108,5,25,7,35,1
108,8,20,5,40,1
108,6,20,6,40,1
108,7,35,5,25,2
108,6,40,6,25,2
108,8,25,4,35,2
108,4,30,8,30,2
108,4,35,8,20,2
108,5,40,7,20,2
108,7,30,4,30,2
109,5,25,7,35,1
109,8,20,5,40,1
109,6,20,6,40,1
109,7,35,5,25,2
109,6,40,6,25,2
109,8,25,4,35,2
109,4,30,8,30,1
109,4,35,8,20,1
109,5,40,7,20,2
109,7,30,4,30,2
110,5,25,7,35,1
110,8,20,5,40,1
110,6,20,6,40,2
110,7,35,5,25,2
110,6,40,6,25,2
110,8,25,4,35,1
110,4,30,8,30,1
110,4,35,8,20,2
110,5,40,7,20,2
110,7,30,4,30,2
111,5,25,7,35,1
111,8,20,5,40,2
111,6,20,6,40,1
111,7,35,5,25,1
111,6,40,6,25,2
111,8,25,4,35,2
111,4,30,8,30,2
111,4,35,8,20,2
111,5,40,7,20,1
111,7,30,4,30,2
112,5,25,7,35,1
112,8,20,5,40,1
112,6,20,6,40,1
112,7,35,5,25,2
112,6,40,6,25,2
112,8,25,4,35,1
112,4,30,8,30,1
112,4,35,8,20,2
112,5,40,7,20,2
112,7,30,4,30,2
113,5,25,7,35,1
113,8,20,5,40,1
113,6,20,6,40,1
113,7,35,5,25,2
113,6,40,6,25,2
113,8,25,4,35,2
113,4,30,8,30,1
113,4,35,8,20,2
113,5,40,7,20,2
113,7,30,4,30,2
114,5,25,7,35,1
114,8,20,5,40,1
114,6,20,6,40,1
114,7,35,5,25,2
114,6,40,6,25,2
114,8,25,4,35,2
114,4,30,8,30,2
114,4,35,8,20,2
114,5,40,7,20,2
114,7,30,4,30,1
115,5,25,7,35,2
115,8,20,5,40,1
115,6,20,6,40,2
115,7,35,5,25,2
115,6,40,6,25,2
115,8,25,4,35,2
115,4,30,8,30,1
115,4,35,8,20,2
115,5,40,7,20,2
115,7,30,4,30,2
116,5,25,7,35,1
116,8,20,5,40,2
116,6,20,6,40,1
116,7,35,5,25,2
116,6,40,6,25,2
116,8,25,4,35,1
116,4,30,8,30,2
116,4,35,8,20,2
116,5,40,7,20,2
116,7,30,4,30,2
117,5,25,7,35,2
117,8,20,5,40,2
117,6,20,6,40,1
117,7,35,5,25,2
117,6,40,6,25,2
117,8,25,4,35,2
117,4,30,8,30,1
117,4,35,8,20,2
117,5,40,7,20,2
117,7,30,4,30,2
118,5,25,7,35,1
118,8,20,5,40,2
118,6,20,6,40,1
118,7,35,5,25,2
118,6,40,6,25,2
118,8,25,4,35,1
118,4,30,8,30,2
118,4,35,8,20,2
118,5,40,7,20,2
118,7,30,4,30,2
119,5,25,7,35,1
119,8,20,5,40,2
119,6,20,6,40,1
119,7,35,5,25,2
119,6,40,6,25,1
119,8,25,4,35,2
119,4,30,8,30,1
119,4,35,8,20,1
119,5,40,7,20,2
119,7,30,4,30,2
120,5,25,7,35,1
120,8,20,5,40,1
120,6,20,6,40,1
120,7,35,5,25,2
120,6,40,6,25,2
120,8,25,4,35,2
120,4,30,8,30,1
120,4,35,8,20,1
120,5,40,7,20,2
120,7,30,4,30,2
121,5,25,7,35,1
121,8,20,5,40,1
121,6,20,6,40,1
121,7,35,5,25,1
121,6,40,6,25,2
121,8,25,4,35,2
121,4,30,8,30,1
121,4,35,8,20,2
121,5,40,7,20,2
121,7,30,4,30,2
122,5,25,7,35,1
122,8,20,5,40,1
122,6,20,6,40,1
122,7,35,5,25,2
122,6,40,6,25,2
122,8,25,4,35,2
122,4,30,8,30,1
122,4,35,8,20,1
122,5,40,7,20,2
122,7,30,4,30,2
123,5,25,7,35,1
123,8,20,5,40,1
123,6,20,6,40,1
123,7,35,5,25,2
123,6,40,6,25,2
123,8,25,4,35,2
123,4,30,8,30,2
123,4,35,8,20,2
123,5,40,7,20,2
123,7,30,4,30,2
124,5,25,7,35,1
124,8,20,5,40,2
124,6,20,6,40,2
124,7,35,5,25,2
124,6,40,6,25,2
124,8,25,4,35,2
124,4,30,8,30,1
124,4,35,8,20,1
124,5,40,7,20,1
124,7,30,4,30,2
125,5,25,7,35,1
125,8,20,5,40,1
125,6,20,6,40,1
125,7,35,5,25,2
125,6,40,6,25,2
125,8,25,4,35,2
125,4,30,8,30,1
125,4,35,8,20,2
125,5,40,7,20,2
125,7,30,4,30,2
126,5,25,7,35,1
126,8,20,5,40,1
126,6,20,6,40,1
126,7,35,5,25,2
126,6,40,6,25,2
126,8,25,4,35,1
126,4,30,8,30,1
126,4,35,8,20,2
126,5,40,7,20,2
126,7,30,4,30,2
127,5,25,7,35,1
127,8,20,5,40,1
127,6,20,6,40,1
127,7,35,5,25,2
127,6,40,6,25,2
127,8,25,4,35,2
127,4,30,8,30,1
127,4,35,8,20,1
127,5,40,7,20,2
127,7,30,4,30,2
128,5,25,7,35,1
128,8,20,5,40,1
128,6,20,6,40,1
128,7,35,5,25,2
128,6,40,6,25,2
128,8,25,4,35,2
128,4,30,8,30,1
128,4,35,8,20,1
128,5,40,7,20,2
128,7,30,4,30,2
129,5,25,7,35,1
129,8,20,5,40,1
129,6,20,6,40,1
129,7,35,5,25,2
129,6,40,6,25,2
129,8,25,4,35,2
129,4,30,8,30,2
129,4,35,8,20,1
129,5,40,7,20,2
129,7,30,4,30,2
130,5,25,7,35,1
130,8,20,5,40,2
130,6,20,6,40,1
130,7,35,5,25,2
130,6,40,6,25,2
130,8,25,4,35,2
130,4,30,8,30,2
130,4,35,8,20,2
130,5,40,7,20,2
130,7,30,4,30,1
131,5,25,7,35,1
131,8,20,5,40,2
131,6,20,6,40,2
131,7,35,5,25,2
131,6,40,6,25,2
131,8,25,4,35,2
131,4,30,8,30,1
131,4,35,8,20,1
131,5,40,7,20,2
131,7,30,4,30,2
132,5,25,7,35,1
132,8,20,5,40,1
132,6,20,6,40,1
132,7,35,5,25,2
132,6,40,6,25,2
132,8,25,4,35,1
132,4,30,8,30,1
132,4,35,8,20,2
132,5,40,7,20,2
132,7,30,4,30,2
133,5,25,7,35,1
133,8,20,5,40,1
133,6,20,6,40,2
133,7,35,5,25,2
133,6,40,6,25,2
133,8,25,4,35,2
133,4,30,8,30,1
133,4,35,8,20,1
133,5,40,7,20,2
133,7,30,4,30,2
134,5,25,7,35,1
134,8,20,5,40,1
134,6,20,6,40,1
134,7,35,5,25,2
134,6,40,6,25,2
134,8,25,4,35,2
134,4,30,8,30,1
134,4,35,8,20,1
134,5,40,7,20,2
134,7,30,4,30,2
135,5,25,7,35,1
135,8,20,5,40,1
135,6,20,6,40,1
135,7,35,5,25,2
135,6,40,6,25,2
135,8,25,4,35,2
135,4,30,8,30,1
135,4,35,8,20,2
135,5,40,7,20,2
135,7,30,4,30,2
136,5,25,7,35,1
136,8,20,5,40,1
136,6,20,6,40,1
136,7,35,5,25,2
136,6,40,6,25,2
136,8,25,4,35,2
136,4,30,8,30,1
136,4,35,8,20,2
136,5,40,7,20,2
136,7,30,4,30,2
137,5,25,7,35,1
137,8,20,5,40,1
137,6,20,6,40,1
137,7,35,5,25,2
137,6,40,6,25,2
137,8,25,4,35,1
137,4,30,8,30,1
137,4,35,8,20,2
137,5,40,7,20,2
137,7,30,4,30,1
138,5,25,7,35,1
138,8,20,5,40,1
138,6,20,6,40,1
138,7,35,5,25,2
138,6,40,6,25,2
138,8,25,4,35,1
138,4,30,8,30,2
138,4,35,8,20,1
138,5,40,7,20,2
138,7,30,4,30,2
139,5,25,7,35,2
139,8,20,5,40,1
139,6,20,6,40,2
139,7,35,5,25,2
139,6,40,6,25,2
139,8,25,4,35,1
139,4,30,8,30,1
139,4,35,8,20,2
139,5,40,7,20,2
139,7,30,4,30,1
140,5,25,7,35,1
140,8,20,5,40,1
140,6,20,6,40,1
140,7,35,5,25,2
140,6,40,6,25,2
140,8,25,4,35,2
140,4,30,8,30,1
140,4,35,8,20,2
140,5,40,7,20,1
140,7,30,4,30,2
141,5,25,7,35,1
141,8,20,5,40,2
141,6,20,6,40,1
141,7,35,5,25,2
141,6,40,6,25,2
141,8,25,4,35,2
141,4,30,8,30,1
141,4,35,8,20,1
141,5,40,7,20,2
141,7,30,4,30,2
142,5,25,7,35,1
142,8,20,5,40,1
142,6,20,6,40,1
142,7,35,5,25,2
142,6,40,6,25,2
142,8,25,4,35,2
142,4,30,8,30,1
142,4,35,8,20,2
142,5,40,7,20,2
142,7,30,4,30,2
143,5,25,7,35,1
143,8,20,5,40,1
143,6,20,6,40,1
143,7,35,5,25,2
143,6,40,6,25,2
143,8,25,4,35,2
143,4,30,8,30,1
143,4,35,8,20,1
143,5,40,7,20,2
143,7,30,4,30,2
144,5,25,7,35,2
144,8,20,5,40,2
144,6,20,6,40,2
144,7,35,5,25,2
144,6,40,6,25,2
144,8,25,4,35,2
144,4,30,8,30,1
144,4,35,8,20,2
144,5,40,7,20,2
144,7,30,4,30,2
145,5,25,7,35,1
145,8,20,5,40,1
145,6,20,6,40,1
145,7,35,5,25,2
145,6,40,6,25,2
145,8,25,4,35,1
145,4,30,8,30,1
145,4,35,8,20,2
145,5,40,7,20,2
145,7,30,4,30,2
146,5,25,7,35,1
146,8,20,5,40,2
146,6,20,6,40,1
146,7,35,5,25,2
146,6,40,6,25,2
146,8,25,4,35,2
146,4,30,8,30,1
146,4,35,8,20,2
146,5,40,7,20,2
146,7,30,4,30,2
147,5,25,7,35,1
147,8,20,5,40,1
147,6,20,6,40,1
147,7,35,5,25,2
147,6,40,6,25,2
147,8,25,4,35,2
147,4,30,8,30,1
147,4,35,8,20,2
147,5,40,7,20,2
147,7,30,4,30,2
148,5,25,7,35,2
148,8,20,5,40,1
148,6,20,6,40,1
148,7,35,5,25,2
148,6,40,6,25,2
148,8,25,4,35,2
148,4,30,8,30,1
148,4,35,8,20,1
148,5,40,7,20,2
148,7,30,4,30,2
149,5,25,7,35,1
149,8,20,5,40,2
149,6,20,6,40,1
149,7,35,5,25,2
149,6,40,6,25,2
149,8,25,4,35,2
149,4,30,8,30,1
149,4,35,8,20,2
149,5,40,7,20,1
149,7,30,4,30,2
150,5,25,7,35,1
150,8,20,5,40,2
150,6,20,6,40,1
150,7,35,5,25,2
150,6,40,6,25,2
150,8,25,4,35,2
150,4,30,8,30,2
150,4,35,8,20,1
150,5,40,7,20,2
150,7,30,4,30,2
151,5,25,7,35,1
151,8,20,5,40,2
151,6,20,6,40,1
151,7,35,5,25,2
151,6,40,6,25,2
151,8,25,4,35,2
151,4,30,8,30,2
151,4,35,8,20,2
151,5,40,7,20,2
151,7,30,4,30,1
152,5,25,7,35,1
152,8,20,5,40,1
152,6,20,6,40,1
152,7,35,5,25,2
152,6,40,6,25,2
152,8,25,4,35,2
152,4,30,8,30,1
152,4,35,8,20,2
152,5,40,7,20,2
152,7,30,4,30,2
153,5,25,7,35,1
153,8,20,5,40,1
153,6,20,6,40,1
153,7,35,5,25,2
153,6,40,6,25,2
153,8,25,4,35,2
153,4,30,8,30,1
153,4,35,8,20,2
153,5,40,7,20,2
153,7,30,4,30,2
154,5,25,7,35,1
154,8,20,5,40,1
154,6,20,6,40,1
154,7,35,5,25,2
154,6,40,6,25,2
154,8,25,4,35,1
154,4,30,8,30,1
154,4,35,8,20,2
154,5,40,7,20,2
154,7,30,4,30,2
155,5,25,7,35,1
155,8,20,5,40,2
155,6,20,6,40,1
155,7,35,5,25,2
155,6,40,6,25,2
155,8,25,4,35,2
155,4,30,8,30,1
155,4,35,8,20,2
155,5,40,7,20,2
155,7,30,4,30,2
156,5,25,7,35,1
156,8,20,5,40,1
156,6,20,6,40,1
156,7,35,5,25,2
156,6,40,6,25,2
156,8,25,4,35,2
156,4,30,8,30,1
156,4,35,8,20,2
156,5,40,7,20,2
156,7,30,4,30,2
157,5,25,7,35,1
157,8,20,5,40,1
157,6,20,6,40,1
157,7,35,5,25,2
157,6,40,6,25,2
157,8,25,4,35,1
157,4,30,8,30,1
157,4,35,8,20,2
157,5,40,7,20,2
157,7,30,4,30,2
158,5,25,7,35,1
158,8,20,5,40,1
158,6,20,6,40,1
158,7,35,5,25,2
158,6,40,6,25,2
158,8,25,4,35,1
158,4,30,8,30,1
158,4,35,8,20,2
158,5,40,7,20,2
158,7,30,4,30,2
159,5,25,7,35,1
159,8,20,5,40,1
159,6,20,6,40,1
159,7,35,5,25,1
159,6,40,6,25,2
159,8,25,4,35,2
159,4,30,8,30,1
159,4,35,8,20,1
159,5,40,7,20,2
159,7,30,4,30,2
160,5,25,7,35,1
160,8,20,5,40,1
160,6,20,6,40,1
160,7,35,5,25,2
160,6,40,6,25,2
160,8,25,4,35,2
160,4,30,8,30,1
160,4,35,8,20,2
160,5,40,7,20,1
160,7,30,4,30,2
161,5,25,7,35,1
161,8,20,5,40,1
161,6,20,6,40,1
161,7,35,5,25,2
161,6,40,6,25,1
161,8,25,4,35,2
161,4,30,8,30,1
161,4,35,8,20,2
161,5,40,7,20,2
161,7,30,4,30,2
162,5,25,7,35,2
162,8,20,5,40,2
162,6,20,6,40,1
162,7,35,5,25,1
162,6,40,6,25,2
162,8,25,4,35,2
162,4,30,8,30,1
162,4,35,8,20,1
162,5,40,7,20,2
162,7,30,4,30,2
163,5,25,7,35,1
163,8,20,5,40,1
163,6,20,6,40,1
163,7,35,5,25,2
163,6,40,6,25,2
163,8,25,4,35,1
163,4,30,8,30,2
163,4,35,8,20,2
163,5,40,7,20,2
163,7,30,4,30,2
164,5,25,7,35,1
164,8,20,5,40,2
164,6,20,6,40,1
164,7,35,5,25,2
164,6,40,6,25,2
164,8,25,4,35,2
164,4,30,8,30,1
164,4,35,8,20,1
164,5,40,7,20,2
164,7,30,4,30,2
165,5,25,7,35,2
165,8,20,5,40,2
165,6,20,6,40,1
165,7,35,5,25,2
165,6,40,6,25,2
165,8,25,4,35,2
165,4,30,8,30,2
165,4,35,8,20,1
165,5,40,7,20,2
165,7,30,4,30,2
166,5,25,7,35,1
166,8,20,5,40,1
166,6,20,6,40,1
166,7,35,5,25,2
166,6,40,6,25,1
166,8,25,4,35,2
166,4,30,8,30,1
166,4,35,8,20,2
166,5,40,7,20,2
166,7,30,4,30,2
167,5,25,7,35,1
167,8,20,5,40,1
167,6,20,6,40,1
167,7,35,5,25,2
167,6,40,6,25,1
167,8,25,4,35,1
167,4,30,8,30,1
167,4,35,8,20,2
167,5,40,7,20,2
167,7,30,4,30,2
168,5,25,7,35,1
168,8,20,5,40,1
168,6,20,6,40,1
168,7,35,5,25,2
168,6,40,6,25,2
168,8,25,4,35,1
168,4,30,8,30,2
168,4,35,8,20,2
168,5,40,7,20,2
168,7,30,4,30,2
169,5,25,7,35,1
169,8,20,5,40,1
169,6,20,6,40,1
169,7,35,5,25,2
169,6,40,6,25,2
169,8,25,4,35,1
169,4,30,8,30,1
169,4,35,8,20,2
169,5,40,7,20,2
169,7,30,4,30,2
170,5,25,7,35,1
170,8,20,5,40,1
170,6,20,6,40,1
170,7,35,5,25,2
170,6,40,6,25,2
170,8,25,4,35,2
170,4,30,8,30,1
170,4,35,8,20,2
170,5,40,7,20,2
170,7,30,4,30,2
171,5,25,7,35,1
171,8,20,5,40,1
171,6,20,6,40,1
171,7,35,5,25,2
171,6,40,6,25,1
171,8,25,4,35,2
171,4,30,8,30,2
171,4,35,8,20,2
171,5,40,7,20,2
171,7,30,4,30,2
172,5,25,7,35,2
172,8,20,5,40,1
172,6,20,6,40,1
172,7,35,5,25,2
172,6,40,6,25,2
172,8,25,4,35,1
172,4,30,8,30,1
172,4,35,8,20,1
172,5,40,7,20,2
172,7,30,4,30,2
173,5,25,7,35,1
173,8,20,5,40,2
173,6,20,6,40,1
173,7,35,5,25,2
173,6,40,6,25,2
173,8,25,4,35,2
173,4,30,8,30,2
173,4,35,8,20,1
173,5,40,7,20,2
173,7,30,4,30,2
174,5,25,7,35,1
174,8,20,5,40,1
174,6,20,6,40,1
174,7,35,5,25,2
174,6,40,6,25,2
174,8,25,4,35,2
174,4,30,8,30,1
174,4,35,8,20,2
174,5,40,7,20,2
174,7,30,4,30,2
175,5,25,7,35,1
175,8,20,5,40,2
175,6,20,6,40,1
175,7,35,5,25,2
175,6,40,6,25,2
175,8,25,4,35,2
175,4,30,8,30,1
175,4,35,8,20,2
175,5,40,7,20,1
175,7,30,4,30,2
176,5,25,7,35,1
176,8,20,5,40,1
176,6,20,6,40,1
176,7,35,5,25,2
176,6,40,6,25,2
176,8,25,4,35,2
176,4,30,8,30,1
176,4,35,8,20,2
176,5,40,7,20,2
176,7,30,4,30,1
177,5,25,7,35,1
177,8,20,5,40,2
177,6,20,6,40,1
177,7,35,5,25,2
177,6,40,6,25,2
177,8,25,4,35,2
177,4,30,8,30,1
177,4,35,8,20,2
177,5,40,7,20,1
177,7,30,4,30,2
178,5,25,7,35,2
178,8,20,5,40,1
178,6,20,6,40,2
178,7,35,5,25,2
178,6,40,6,25,2
178,8,25,4,35,2
178,4,30,8,30,1
178,4,35,8,20,2
178,5,40,7,20,2
178,7,30,4,30,2
179,5,25,7,35,1
179,8,20,5,40,1
179,6,20,6,40,1
179,7,35,5,25,2
179,6,40,6,25,2
179,8,25,4,35,1
179,4,30,8,30,1
179,4,35,8,20,2
179,5,40,7,20,2
179,7,30,4,30,1
180,5,25,7,35,1
180,8,20,5,40,1
180,6,20,6,40,1
180,7,35,5,25,2
180,6,40,6,25,2
180,8,25,4,35,1
180,4,30,8,30,2
180,4,35,8,20,2
180,5,40,7,20,2
180,7,30,4,30,2
181,5,25,7,35,1
181,8,20,5,40,1
181,6,20,6,40,1
181,7,35,5,25,2
181,6,40,6,25,2
181,8,25,4,35,1
181,4,30,8,30,1
181,4,35,8,20,2
181,5,40,7,20,2
181,7,30,4,30,1
182,5,25,7,35,1
182,8,20,5,40,1
182,6,20,6,40,1
182,7,35,5,25,2
182,6,40,6,25,2
182,8,25,4,35,2
182,4,30,8,30,1
182,4,35,8,20,2
182,5,40,7,20,2
182,7,30,4,30,2
183,5,25,7,35,1
183,8,20,5,40,2
183,6,20,6,40,1
183,7,35,5,25,2
183,6,40,6,25,1
183,8,25,4,35,2
183,4,30,8,30,1
183,4,35,8,20,1
183,5,40,7,20,2
183,7,30,4,30,2
184,5,25,7,35,1
184,8,20,5,40,1
184,6,20,6,40,2
184,7,35,5,25,2
184,6,40,6,25,2
184,8,25,4,35,2
184,4,30,8,30,1
184,4,35,8,20,2
184,5,40,7,20,2
184,7,30,4,30,2
185,5,25,7,35,1
185,8,20,5,40,1
185,6,20,6,40,1
185,7,35,5,25,2
185,6,40,6,25,2
185,8,25,4,35,2
185,4,30,8,30,1
185,4,35,8,20,2
185,5,40,7,20,2
185,7,30,4,30,2
186,5,25,7,35,1
186,8,20,5,40,1
186,6,20,6,40,1
186,7,35,5,25,2
186,6,40,6,25,2
186,8,25,4,35,1
186,4,30,8,30,1
186,4,35,8,20,2
186,5,40,7,20,2
186,7,30,4,30,2
187,5,25,7,35,2
187,8,20,5,40,1
187,6,20,6,40,1
187,7,35,5,25,2
187,6,40,6,25,2
187,8,25,4,35,2
187,4,30,8,30,1
187,4,35,8,20,2
187,5,40,7,20,2
187,7,30,4,30,2
188,5,25,7,35,1
188,8,20,5,40,1
188,6,20,6,40,1
188,7,35,5,25,2
188,6,40,6,25,1
188,8,25,4,35,2
188,4,30,8,30,1
188,4,35,8,20,2
188,5,40,7,20,2
188,7,30,4,30,2
189,5,25,7,35,1
189,8,20,5,40,1
189,6,20,6,40,1
189,7,35,5,25,1
189,6,40,6,25,2
189,8,25,4,35,2
189,4,30,8,30,1
189,4,35,8,20,2
189,5,40,7,20,2
189,7,30,4,30,2
190,5,25,7,35,1
190,8,20,5,40,1
190,6,20,6,40,1
190,7,35,5,25,2
190,6,40,6,25,2
190,8,25,4,35,2
190,4,30,8,30,1
190,4,35,8,20,2
190,5,40,7,20,2
190,7,30,4,30,2
191,5,25,7,35,1
191,8,20,5,40,1
191,6,20,6,40,1
191,7,35,5,25,2
191,6,40,6,25,2
191,8,25,4,35,2
191,4,30,8,30,1
191,4,35,8,20,1
191,5,40,7,20,2
191,7,30,4,30,2
192,5,25,7,35,1
192,8,20,5,40,1
192,6,20,6,40,1
192,7,35,5,25,2
192,6,40,6,25,2
192,8,25,4,35,2
192,4,30,8,30,1
192,4,35,8,20,1
192,5,40,7,20,2
192,7,30,4,30,2
193,5,25,7,35,1
193,8,20,5,40,2
193,6,20,6,40,1
193,7,35,5,25,2
193,6,40,6,25,2
193,8,25,4,35,2
193,4,30,8,30,1
193,4,35,8,20,2
193,5,40,7,20,2
193,7,30,4,30,2
194,5,25,7,35,1
194,8,20,5,40,1
194,6,20,6,40,1
194,7,35,5,25,2
194,6,40,6,25,2
194,8,25,4,35,2
194,4,30,8,30,1
194,4,35,8,20,2
194,5,40,7,20,2
194,7,30,4,30,2
195,5,25,7,35,1
195,8,20,5,40,2
195,6,20,6,40,1
195,7,35,5,25,2
195,6,40,6,25,2
195,8,25,4,35,2
195,4,30,8,30,1
195,4,35,8,20,1
195,5,40,7,20,2
195,7,30,4,30,1
196,5,25,7,35,1
196,8,20,5,40,2
196,6,20,6,40,1
196,7,35,5,25,2
196,6,40,6,25,2
196,8,25,4,35,2
196,4,30,8,30,1
196,4,35,8,20,2
196,5,40,7,20,2
196,7,30,4,30,2
197,5,25,7,35,1
197,8,20,5,40,2
197,6,20,6,40,1
197,7,35,5,25,2
197,6,40,6,25,2
197,8,25,4,35,2
197,4,30,8,30,1
197,4,35,8,20,2
197,5,40,7,20,2
197,7,30,4,30,2
198,5,25,7,35,1
198,8,20,5,40,1
198,6,20,6,40,2
198,7,35,5,25,2
198,6,40,6,25,2
198,8,25,4,35,2
198,4,30,8,30,1
198,4,35,8,20,2
198,5,40,7,20,2
198,7,30,4,30,2
199,5,25,7,35,1
199,8,20,5,40,1
199,6,20,6,40,1
199,7,35,5,25,2
199,6,40,6,25,2
199,8,25,4,35,2
199,4,30,8,30,1
199,4,35,8,20,1
199,5,40,7,20,2
199,7,30,4,30,2
200,5,25,7,35,1
200,8,20,5,40,2
200,6,20,6,40,1
200,7,35,5,25,2
200,6,40,6,25,2
200,8,25,4,35,2
200,4,30,8,30,1
200,4,35,8,20,1
200,5,40,7,20,2
200,7,30,4,30,2
201,5,25,7,35,1
201,8,20,5,40,2
201,6,20,6,40,1
201,7,35,5,25,2
201,6,40,6,25,2
201,8,25,4,35,1
201,4,30,8,30,1
201,4,35,8,20,1
201,5,40,7,20,2
201,7,30,4,30,2
202,5,25,7,35,1
202,8,20,5,40,1
202,6,20,6,40,1
202,7,35,5,25,2
202,6,40,6,25,2
202,8,25,4,35,2
202,4,30,8,30,1
202,4,35,8,20,2
202,5,40,7,20,2
202,7,30,4,30,2
203,5,25,7,35,1
203,8,20,5,40,1
203,6,20,6,40,1
203,7,35,5,25,2
203,6,40,6,25,2
203,8,25,4,35,2
203,4,30,8,30,1
203,4,35,8,20,2
203,5,40,7,20,2
203,7,30,4,30,2
204,5,25,7,35,1
204,8,20,5,40,2
204,6,20,6,40,1
204,7,35,5,25,2
204,6,40,6,25,2
204,8,25,4,35,2
204,4,30,8,30,2
204,4,35,8,20,1
204,5,40,7,20,2
204,7,30,4,30,2
205,5,25,7,35,1
205,8,20,5,40,2
205,6,20,6,40,1
205,7,35,5,25,2
205,6,40,6,25,2
205,8,25,4,35,2
205,4,30,8,30,1
205,4,35,8,20,2
205,5,40,7,20,2
205,7,30,4,30,2
206,5,25,7,35,1
206,8,20,5,40,2
206,6,20,6,40,2
206,7,35,5,25,2
206,6,40,6,25,2
206,8,25,4,35,2
206,4,30,8,30,1
206,4,35,8,20,2
206,5,40,7,20,1
206,7,30,4,30,1
207,5,25,7,35,1
207,8,20,5,40,1
207,6,20,6,40,1
207,7,35,5,25,2
207,6,40,6,25,2
207,8,25,4,35,2
207,4,30,8,30,1
207,4,35,8,20,2
207,5,40,7,20,2
207,7,30,4,30,2
208,5,25,7,35,1
208,8,20,5,40,1
208,6,20,6,40,1
208,7,35,5,25,2
208,6,40,6,25,2
208,8,25,4,35,2
208,4,30,8,30,1
208,4,35,8,20,2
208,5,40,7,20,2
208,7,30,4,30,1
209,5,25,7,35,1
209,8,20,5,40,1
209,6,20,6,40,1
209,7,35,5,25,2
209,6,40,6,25,2
209,8,25,4,35,1
209,4,30,8,30,1
209,4,35,8,20,2
209,5,40,7,20,2
209,7,30,4,30,2
210,5,25,7,35,1
210,8,20,5,40,1
210,6,20,6,40,1
210,7,35,5,25,2
210,6,40,6,25,1
210,8,25,4,35,1
210,4,30,8,30,2
210,4,35,8,20,2
210,5,40,7,20,2
210,7,30,4,30,1
211,5,25,7,35,2
211,8,20,5,40,1
211,6,20,6,40,1
211,7,35,5,25,2
211,6,40,6,25,2
211,8,25,4,35,2
211,4,30,8,30,1
211,4,35,8,20,1
211,5,40,7,20,2
211,7,30,4,30,2
212,5,25,7,35,1
212,8,20,5,40,1
212,6,20,6,40,1
212,7,35,5,25,2
212,6,40,6,25,2
212,8,25,4,35,2
212,4,30,8,30,1
212,4,35,8,20,2
212,5,40,7,20,2
212,7,30,4,30,2
213,5,25,7,35,1
213,8,20,5,40,1
213,6,20,6,40,1
213,7,35,5,25,2
213,6,40,6,25,2
213,8,25,4,35,1
213,4,30,8,30,1
213,4,35,8,20,2
213,5,40,7,20,2
213,7,30,4,30,1
214,5,25,7,35,1
214,8,20,5,40,1
214,6,20,6,40,1
214,7,35,5,25,2
214,6,40,6,25,2
214,8,25,4,35,2
214,4,30,8,30,1
214,4,35,8,20,2
214,5,40,7,20,2
214,7,30,4,30,2
215,5,25,7,35,2
215,8,20,5,40,2
215,6,20,6,40,1
215,7,35,5,25,2
215,6,40,6,25,2
215,8,25,4,35,2
215,4,30,8,30,1
215,4,35,8,20,1
215,5,40,7,20,1
215,7,30,4,30,2
216,5,25,7,35,2
216,8,20,5,40,1
216,6,20,6,40,1
216,7,35,5,25,2
216,6,40,6,25,2
216,8,25,4,35,1
216,4,30,8,30,1
216,4,35,8,20,1
216,5,40,7,20,2
216,7,30,4,30,2
217,5,25,7,35,1
217,8,20,5,40,2
217,6,20,6,40,1
217,7,35,5,25,2
217,6,40,6,25,2
217,8,25,4,35,2
217,4,30,8,30,1
217,4,35,8,20,1
217,5,40,7,20,2
217,7,30,4,30,2
218,5,25,7,35,1
218,8,20,5,40,1
218,6,20,6,40,1
218,7,35,5,25,2
218,6,40,6,25,2
218,8,25,4,35,2
218,4,30,8,30,1
218,4,35,8,20,2
218,5,40,7,20,2
218,7,30,4,30,2
219,5,25,7,35,1
219,8,20,5,40,1
219,6,20,6,40,1
219,7,35,5,25,2
219,6,40,6,25,2
219,8,25,4,35,2
219,4,30,8,30,1
219,4,35,8,20,1
219,5,40,7,20,2
219,7,30,4,30,1
220,5,25,7,35,1
220,8,20,5,40,1
220,6,20,6,40,1
220,7,35,5,25,2
220,6,40,6,25,2
220,8,25,4,35,1
220,4,30,8,30,1
220,4,35,8,20,1
220,5,40,7,20,2
220,7,30,4,30,2
221,5,25,7,35,1
221,8,20,5,40,1
221,6,20,6,40,2
221,7,35,5,25,2
221,6,40,6,25,2
221,8,25,4,35,1
221,4,30,8,30,1
221,4,35,8,20,2
221,5,40,7,20,2
221,7,30,4,30,2
222,5,25,7,35,1
222,8,20,5,40,2
222,6,20,6,40,1
222,7,35,5,25,2
222,6,40,6,25,2
222,8,25,4,35,2
222,4,30,8,30,1
222,4,35,8,20,2
222,5,40,7,20,2
222,7,30,4,30,2
223,5,25,7,35,2
223,8,20,5,40,1
223,6,20,6,40,1
223,7,35,5,25,1
223,6,40,6,25,2
223,8,25,4,35,1
223,4,30,8,30,1
223,4,35,8,20,1
223,5,40,7,20,2
223,7,30,4,30,2
224,5,25,7,35,1
224,8,20,5,40,2
224,6,20,6,40,1
224,7,35,5,25,2
224,6,40,6,25,2
224,8,25,4,35,2
224,4,30,8,30,1
224,4,35,8,20,1
224,5,40,7,20,2
224,7,30,4,30,2
225,5,25,7,35,1
225,8,20,5,40,2
225,6,20,6,40,1
225,7,35,5,25,1
225,6,40,6,25,2
225,8,25,4,35,2
225,4,30,8,30,1
225,4,35,8,20,1
225,5,40,7,20,2
225,7,30,4,30,2
226,5,25,7,35,1
226,8,20,5,40,1
226,6,20,6,40,1
226,7,35,5,25,2
226,6,40,6,25,2
226,8,25,4,35,2
226,4,30,8,30,1
226,4,35,8,20,1
226,5,40,7,20,2
226,7,30,4,30,2
227,5,25,7,35,1
227,8,20,5,40,1
227,6,20,6,40,1
227,7,35,5,25,2
227,6,40,6,25,2
227,8,25,4,35,2
227,4,30,8,30,2
227,4,35,8,20,1
227,5,40,7,20,2
227,7,30,4,30,2
228,5,25,7,35,1
228,8,20,5,40,2
228,6,20,6,40,1
228,7,35,5,25,2
228,6,40,6,25,2
228,8,25,4,35,2
228,4,30,8,30,1
228,4,35,8,20,1
228,5,40,7,20,2
228,7,30,4,30,2
229,5,25,7,35,1
229,8,20,5,40,2
229,6,20,6,40,1
229,7,35,5,25,2
229,6,40,6,25,2
229,8,25,4,35,1
229,4,30,8,30,1
229,4,35,8,20,1
229,5,40,7,20,2
229,7,30,4,30,1
230,5,25,7,35,1
230,8,20,5,40,1
230,6,20,6,40,1
230,7,35,5,25,2
230,6,40,6,25,2
230,8,25,4,35,2
230,4,30,8,30,2
230,4,35,8,20,2
230,5,40,7,20,2
230,7,30,4,30,2
231,5,25,7,35,1
231,8,20,5,40,1
231,6,20,6,40,1
231,7,35,5,25,2
231,6,40,6,25,2
231,8,25,4,35,1
231,4,30,8,30,1
231,4,35,8,20,2
231,5,40,7,20,2
231,7,30,4,30,2
232,5,25,7,35,1
232,8,20,5,40,2
232,6,20,6,40,1
232,7,35,5,25,2
232,6,40,6,25,2
232,8,25,4,35,2
232,4,30,8,30,1
232,4,35,8,20,2
232,5,40,7,20,2
232,7,30,4,30,2
233,5,25,7,35,1
233,8,20,5,40,1
233,6,20,6,40,1
233,7,35,5,25,2
233,6,40,6,25,2
233,8,25,4,35,2
233,4,30,8,30,1
233,4,35,8,20,1
233,5,40,7,20,2
233,7,30,4,30,2
234,5,25,7,35,1
234,8,20,5,40,1
234,6,20,6,40,1
234,7,35,5,25,2
234,6,40,6,25,2
234,8,25,4,35,1
234,4,30,8,30,1
234,4,35,8,20,2
234,5,40,7,20,2
234,7,30,4,30,2
235,5,25,7,35,1
235,8,20,5,40,1
235,6,20,6,40,1
235,7,35,5,25,2
235,6,40,6,25,2
235,8,25,4,35,1
235,4,30,8,30,2
235,4,35,8,20,2
235,5,40,7,20,2
235,7,30,4,30,2
236,5,25,7,35,1
236,8,20,5,40,2
236,6,20,6,40,1
236,7,35,5,25,2
236,6,40,6,25,1
236,8,25,4,35,1
236,4,30,8,30,1
236,4,35,8,20,2
236,5,40,7,20,2
236,7,30,4,30,2
237,5,25,7,35,1
237,8,20,5,40,2
237,6,20,6,40,1
237,7,35,5,25,2
237,6,40,6,25,2
237,8,25,4,35,2
237,4,30,8,30,1
237,4,35,8,20,2
237,5,40,7,20,2
237,7,30,4,30,2
238,5,25,7,35,1
238,8,20,5,40,2
238,6,20,6,40,1
238,7,35,5,25,2
238,6,40,6,25,2
238,8,25,4,35,2
238,4,30,8,30,1
238,4,35,8,20,2
238,5,40,7,20,2
238,7,30,4,30,2
239,5,25,7,35,1
239,8,20,5,40,1
239,6,20,6,40,1
239,7,35,5,25,2
239,6,40,6,25,2
239,8,25,4,35,1
239,4,30,8,30,1
239,4,35,8,20,2
239,5,40,7,20,2
239,7,30,4,30,2
240,5,25,7,35,1
240,8,20,5,40,1
240,6,20,6,40,1
240,7,35,5,25,2
240,6,40,6,25,2
240,8,25,4,35,1
240,4,30,8,30,1
240,4,35,8,20,2
240,5,40,7,20,2
240,7,30,4,30,2
241,5,25,7,35,1
241,8,20,5,40,1
241,6,20,6,40,1
241,7,35,5,25,2
241,6,40,6,25,2
241,8,25,4,35,2
241,4,30,8,30,2
241,4,35,8,20,1
241,5,40,7,20,2
241,7,30,4,30,2
242,5,25,7,35,2
242,8,20,5,40,2
242,6,20,6,40,1
242,7,35,5,25,2
242,6,40,6,25,2
242,8,25,4,35,2
242,4,30,8,30,2
242,4,35,8,20,1
242,5,40,7,20,2
242,7,30,4,30,2
243,5,25,7,35,1
243,8,20,5,40,1
243,6,20,6,40,1
243,7,35,5,25,2
243,6,40,6,25,2
243,8,25,4,35,2
243,4,30,8,30,1
243,4,35,8,20,1
243,5,40,7,20,2
243,7,30,4,30,2
244,5,25,7,35,1
244,8,20,5,40,1
244,6,20,6,40,1
244,7,35,5,25,2
244,6,40,6,25,2
244,8,25,4,35,2
244,4,30,8,30,1
244,4,35,8,20,2
244,5,40,7,20,2
244,7,30,4,30,2
245,5,25,7,35,1
245,8,20,5,40,1
245,6,20,6,40,1
245,7,35,5,25,2
245,6,40,6,25,2
245,8,25,4,35,2
245,4,30,8,30,1
245,4,35,8,20,2
245,5,40,7,20,2
245,7,30,4,30,2
246,5,25,7,35,1
246,8,20,5,40,1
246,6,20,6,40,1
246,7,35,5,25,2
246,6,40,6,25,2
246,8,25,4,35,2
246,4,30,8,30,1
246,4,35,8,20,2
246,5,40,7,20,2
246,7,30,4,30,1
247,5,25,7,35,1
247,8,20,5,40,1
247,6,20,6,40,1
247,7,35,5,25,2
247,6,40,6,25,2
247,8,25,4,35,2
247,4,30,8,30,1
247,4,35,8,20,2
247,5,40,7,20,2
247,7,30,4,30,2
248,5,25,7,35,1
248,8,20,5,40,1
248,6,20,6,40,1
248,7,35,5,25,2
248,6,40,6,25,2
248,8,25,4,35,2
248,4,30,8,30,1
248,4,35,8,20,1
248,5,40,7,20,2
248,7,30,4,30,2
249,5,25,7,35,1
249,8,20,5,40,1
249,6,20,6,40,1
249,7,35,5,25,1
249,6,40,6,25,2
249,8,25,4,35,2
249,4,30,8,30,1
249,4,35,8,20,2
249,5,40,7,20,2
249,7,30,4,30,2
250,5,25,7,35,1
250,8,20,5,40,2
250,6,20,6,40,1
250,7,35,5,25,2
250,6,40,6,25,2
250,8,25,4,35,1
250,4,30,8,30,1
250,4,35,8,20,1
250,5,40,7,20,2
250,7,30,4,30,2
251,5,25,7,35,1
251,8,20,5,40,2
251,6,20,6,40,2
251,7,35,5,25,2
251,6,40,6,25,2
251,8,25,4,35,2
251,4,30,8,30,1
251,4,35,8,20,1
251,5,40,7,20,1
251,7,30,4,30,2
252,5,25,7,35,1
252,8,20,5,40,1
252,6,20,6,40,1
252,7,35,5,25,2
252,6,40,6,25,2
252,8,25,4,35,1
252,4,30,8,30,2
252,4,35,8,20,2
252,5,40,7,20,1
252,7,30,4,30,2
253,5,25,7,35,1
253,8,20,5,40,1
253,6,20,6,40,1
253,7,35,5,25,2
253,6,40,6,25,2
253,8,25,4,35,2
253,4,30,8,30,1
253,4,35,8,20,2
253,5,40,7,20,2
253,7,30,4,30,2
254,5,25,7,35,1
254,8,20,5,40,1
254,6,20,6,40,1
254,7,35,5,25,2
254,6,40,6,25,2
254,8,25,4,35,1
254,4,30,8,30,1
254,4,35,8,20,2
254,5,40,7,20,2
254,7,30,4,30,2
255,5,25,7,35,1
255,8,20,5,40,2
255,6,20,6,40,1
255,7,35,5,25,2
255,6,40,6,25,2
255,8,25,4,35,2
255,4,30,8,30,2
255,4,35,8,20,1
255,5,40,7,20,1
255,7,30,4,30,2
256,5,25,7,35,1
256,8,20,5,40,1
256,6,20,6,40,1
256,7,35,5,25,2
256,6,40,6,25,2
256,8,25,4,35,2
256,4,30,8,30,1
256,4,35,8,20,1
256,5,40,7,20,2
256,7,30,4,30,2
257,5,25,7,35,1
257,8,20,5,40,1
257,6,20,6,40,2
257,7,35,5,25,2
257,6,40,6,25,2
257,8,25,4,35,1
257,4,30,8,30,2
257,4,35,8,20,1
257,5,40,7,20,2
257,7,30,4,30,2
258,5,25,7,35,1
258,8,20,5,40,2
258,6,20,6,40,1
258,7,35,5,25,2
258,6,40,6,25,2
258,8,25,4,35,1
258,4,30,8,30,1
258,4,35,8,20,1
258,5,40,7,20,2
258,7,30,4,30,2
259,5,25,7,35,1
259,8,20,5,40,2
259,6,20,6,40,1
259,7,35,5,25,2
259,6,40,6,25,2
259,8,25,4,35,2
259,4,30,8,30,1
259,4,35,8,20,1
259,5,40,7,20,2
259,7,30,4,30,2
260,5,25,7,35,1
260,8,20,5,40,1
260,6,20,6,40,1
260,7,35,5,25,2
260,6,40,6,25,2
260,8,25,4,35,2
260,4,30,8,30,1
260,4,35,8,20,1
260,5,40,7,20,1
260,7,30,4,30,2
261,5,25,7,35,1
261,8,20,5,40,1
261,6,20,6,40,1
261,7,35,5,25,2
261,6,40,6,25,2
261,8,25,4,35,1
261,4,30,8,30,1
261,4,35,8,20,2
261,5,40,7,20,2
261,7,30,4,30,1
262,5,25,7,35,1
262,8,20,5,40,2
262,6,20,6,40,1
262,7,35,5,25,2
262,6,40,6,25,2
262,8,25,4,35,2
262,4,30,8,30,2
262,4,35,8,20,1
262,5,40,7,20,2
262,7,30,4,30,2
263,5,25,7,35,1
263,8,20,5,40,2
263,6,20,6,40,2
263,7,35,5,25,2
263,6,40,6,25,2
263,8,25,4,35,2
263,4,30,8,30,1
263,4,35,8,20,1
263,5,40,7,20,2
263,7,30,4,30,2
264,5,25,7,35,1
264,8,20,5,40,2
264,6,20,6,40,1
264,7,35,5,25,2
264,6,40,6,25,1
264,8,25,4,35,1
264,4,30,8,30,1
264,4,35,8,20,2
264,5,40,7,20,2
264,7,30,4,30,2
265,5,25,7,35,1
265,8,20,5,40,1
265,6,20,6,40,1
265,7,35,5,25,2
265,6,40,6,25,2
265,8,25,4,35,1
265,4,30,8,30,1
265,4,35,8,20,1
265,5,40,7,20,2
265,7,30,4,30,2
266,5,25,7,35,2
266,8,20,5,40,2
266,6,20,6,40,1
266,7,35,5,25,2
266,6,40,6,25,2
266,8,25,4,35,2
266,4,30,8,30,1
266,4,35,8,20,1
266,5,40,7,20,2
266,7,30,4,30,2
267,5,25,7,35,1
267,8,20,5,40,1
267,6,20,6,40,2
267,7,35,5,25,2
267,6,40,6,25,2
267,8,25,4,35,1
267,4,30,8,30,1
267,4,35,8,20,1
267,5,40,7,20,2
267,7,30,4,30,2
268,5,25,7,35,1
268,8,20,5,40,2
268,6,20,6,40,1
268,7,35,5,25,2
268,6,40,6,25,2
268,8,25,4,35,2
268,4,30,8,30,2
268,4,35,8,20,2
268,5,40,7,20,2
268,7,30,4,30,2
269,5,25,7,35,1
269,8,20,5,40,1
269,6,20,6,40,1
269,7,35,5,25,2
269,6,40,6,25,2
269,8,25,4,35,2
269,4,30,8,30,2
269,4,35,8,20,1
269,5,40,7,20,2
269,7,30,4,30,1
270,5,25,7,35,1
270,8,20,5,40,1
270,6,20,6,40,1
270,7,35,5,25,2
270,6,40,6,25,2
270,8,25,4,35,1
270,4,30,8,30,1
270,4,35,8,20,2
270,5,40,7,20,2
270,7,30,4,30,2
271,5,25,7,35,1
271,8,20,5,40,1
271,6,20,6,40,1
271,7,35,5,25,2
271,6,40,6,25,2
271,8,25,4,35,2
271,4,30,8,30,2
271,4,35,8,20,2
271,5,40,7,20,2
271,7,30,4,30,2
272,5,25,7,35,1
272,8,20,5,40,2
272,6,20,6,40,1
272,7,35,5,25,2
272,6,40,6,25,2
272,8,25,4,35,1
272,4,30,8,30,1
272,4,35,8,20,1
272,5,40,7,20,2
272,7,30,4,30,2
273,5,25,7,35,1
273,8,20,5,40,1
273,6,20,6,40,1
273,7,35,5,25,2
273,6,40,6,25,2
273,8,25,4,35,2
273,4,30,8,30,1
273,4,35,8,20,1
273,5,40,7,20,2
273,7,30,4,30,2
274,5,25,7,35,1
274,8,20,5,40,2
274,6,20,6,40,1
274,7,35,5,25,2
274,6,40,6,25,2
274,8,25,4,35,1
274,4,30,8,30,1
274,4,35,8,20,1
274,5,40,7,20,2
274,7,30,4,30,2
275,5,25,7,35,1
275,8,20,5,40,1
275,6,20,6,40,1
275,7,35,5,25,2
275,6,40,6,25,2
275,8,25,4,35,2
275,4,30,8,30,1
275,4,35,8,20,2
275,5,40,7,20,2
275,7,30,4,30,2
276,5,25,7,35,1
276,8,20,5,40,1
276,6,20,6,40,1
276,7,35,5,25,2
276,6,40,6,25,1
276,8,25,4,35,2
276,4,30,8,30,1
276,4,35,8,20,1
276,5,40,7,20,2
276,7,30,4,30,2
277,5,25,7,35,1
277,8,20,5,40,1
277,6,20,6,40,1
277,7,35,5,25,2
277,6,40,6,25,2
277,8,25,4,35,2
277,4,30,8,30,1
277,4,35,8,20,2
277,5,40,7,20,2
277,7,30,4,30,2
278,5,25,7,35,1
278,8,20,5,40,2
278,6,20,6,40,2
278,7,35,5,25,2
278,6,40,6,25,2
278,8,25,4,35,2
278,4,30,8,30,1
278,4,35,8,20,2
278,5,40,7,20,1
278,7,30,4,30,2
279,5,25,7,35,1
279,8,20,5,40,2
279,6,20,6,40,1
279,7,35,5,25,2
279,6,40,6,25,2
279,8,25,4,35,2
279,4,30,8,30,1
279,4,35,8,20,2
279,5,40,7,20,2
279,7,30,4,30,2
280,5,25,7,35,1
280,8,20,5,40,2
280,6,20,6,40,1
280,7,35,5,25,2
280,6,40,6,25,2
280,8,25,4,35,2
280,4,30,8,30,1
280,4,35,8,20,1
280,5,40,7,20,1
280,7,30,4,30,2
281,5,25,7,35,1
281,8,20,5,40,2
281,6,20,6,40,1
281,7,35,5,25,2
281,6,40,6,25,2
281,8,25,4,35,2
281,4,30,8,30,1
281,4,35,8,20,1
281,5,40,7,20,2
281,7,30,4,30,2
282,5,25,7,35,1
282,8,20,5,40,1
282,6,20,6,40,1
282,7,35,5,25,2
282,6,40,6,25,2
282,8,25,4,35,2
282,4,30,8,30,1
282,4,35,8,20,2
282,5,40,7,20,2
282,7,30,4,30,2
283,5,25,7,35,2
283,8,20,5,40,1
283,6,20,6,40,1
283,7,35,5,25,2
283,6,40,6,25,2
283,8,25,4,35,2
283,4,30,8,30,1
283,4,35,8,20,1
283,5,40,7,20,2
283,7,30,4,30,2
284,5,25,7,35,1
284,8,20,5,40,2
284,6,20,6,40,2
284,7,35,5,25,2
284,6,40,6,25,2
284,8,25,4,35,2
284,4,30,8,30,1
284,4,35,8,20,1
284,5,40,7,20,2
284,7,30,4,30,2
285,5,25,7,35,1
285,8,20,5,40,1
285,6,20,6,40,1
285,7,35,5,25,2
285,6,40,6,25,2
285,8,25,4,35,1
285,4,30,8,30,1
285,4,35,8,20,2
285,5,40,7,20,2
285,7,30,4,30,2
286,5,25,7,35,1
286,8,20,5,40,2
286,6,20,6,40,2
286,7,35,5,25,2
286,6,40,6,25,2
286,8,25,4,35,2
286,4,30,8,30,1
286,4,35,8,20,1
286,5,40,7,20,2
286,7,30,4,30,2
287,5,25,7,35,1
287,8,20,5,40,1
287,6,20,6,40,1
287,7,35,5,25,2
287,6,40,6,25,2
287,8,25,4,35,2
287,4,30,8,30,1
287,4,35,8,20,2
287,5,40,7,20,2
287,7,30,4,30,2
288,5,25,7,35,1
288,8,20,5,40,1
288,6,20,6,40,1
288,7,35,5,25,2
288,6,40,6,25,2
288,8,25,4,35,1
288,4,30,8,30,2
288,4,35,8,20,1
288,5,40,7,20,2
288,7,30,4,30,2
289,5,25,7,35,1
289,8,20,5,40,1
289,6,20,6,40,1
289,7,35,5,25,2
289,6,40,6,25,1
289,8,25,4,35,2
289,4,30,8,30,2
289,4,35,8,20,2
289,5,40,7,20,2
289,7,30,4,30,2
290,5,25,7,35,2
290,8,20,5,40,2
290,6,20,6,40,1
290,7,35,5,25,2
290,6,40,6,25,2
290,8,25,4,35,2
290,4,30,8,30,1
290,4,35,8,20,1
290,5,40,7,20,2
290,7,30,4,30,2
291,5,25,7,35,1
291,8,20,5,40,1
291,6,20,6,40,1
291,7,35,5,25,2
291,6,40,6,25,2
291,8,25,4,35,2
291,4,30,8,30,1
291,4,35,8,20,2
291,5,40,7,20,2
291,7,30,4,30,2
292,5,25,7,35,1
292,8,20,5,40,2
292,6,20,6,40,1
292,7,35,5,25,2
292,6,40,6,25,1
292,8,25,4,35,2
292,4,30,8,30,1
292,4,35,8,20,1
292,5,40,7,20,2
292,7,30,4,30,2
293,5,25,7,35,1
293,8,20,5,40,1
293,6,20,6,40,1
293,7,35,5,25,2
293,6,40,6,25,2
293,8,25,4,35,2
293,4,30,8,30,1
293,4,35,8,20,2
293,5,40,7,20,2
293,7,30,4,30,2
294,5,25,7,35,1
294,8,20,5,40,1
294,6,20,6,40,1
294,7,35,5,25,2
294,6,40,6,25,2
294,8,25,4,35,2
294,4,30,8,30,1
294,4,35,8,20,2
294,5,40,7,20,2
294,7,30,4,30,2
295,5,25,7,35,1
295,8,20,5,40,1
295,6,20,6,40,1
295,7,35,5,25,2
295,6,40,6,25,2
295,8,25,4,35,2
295,4,30,8,30,1
295,4,35,8,20,2
295,5,40,7,20,2
295,7,30,4,30,2
296,5,25,7,35,1
296,8,20,5,40,1
296,6,20,6,40,1
296,7,35,5,25,2
296,6,40,6,25,2
296,8,25,4,35,2
296,4,30,8,30,1
296,4,35,8,20,2
296,5,40,7,20,1
296,7,30,4,30,2
297,5,25,7,35,1
297,8,20,5,40,1
297,6,20,6,40,1
297,7,35,5,25,2
297,6,40,6,25,2
297,8,25,4,35,1
297,4,30,8,30,2
297,4,35,8,20,2
297,5,40,7,20,2
297,7,30,4,30,2
298,5,25,7,35,1
298,8,20,5,40,1
298,6,20,6,40,1
298,7,35,5,25,2
298,6,40,6,25,2
298,8,25,4,35,1
298,4,30,8,30,1
298,4,35,8,20,2
298,5,40,7,20,2
298,7,30,4,30,2
299,5,25,7,35,1
299,8,20,5,40,2
299,6,20,6,40,1
299,7,35,5,25,2
299,6,40,6,25,2
299,8,25,4,35,2
299,4,30,8,30,1
299,4,35,8,20,1
299,5,40,7,20,2
299,7,30,4,30,2
300,5,25,7,35,1
300,8,20,5,40,1
300,6,20,6,40,1
300,7,35,5,25,2
300,6,40,6,25,2
300,8,25,4,35,2
300,4,30,8,30,1
300,4,35,8,20,2
300,5,40,7,20,2
300,7,30,4,30,2
301,5,25,7,35,1
301,8,20,5,40,1
301,6,20,6,40,1
301,7,35,5,25,2
301,6,40,6,25,2
301,8,25,4,35,2
301,4,30,8,30,1
301,4,35,8,20,2
301,5,40,7,20,2
301,7,30,4,30,2
302,5,25,7,35,1
302,8,20,5,40,1
302,6,20,6,40,1
302,7,35,5,25,2
302,6,40,6,25,2
302,8,25,4,35,2
302,4,30,8,30,1
302,4,35,8,20,2
302,5,40,7,20,2
302,7,30,4,30,2
303,5,25,7,35,1
303,8,20,5,40,1
303,6,20,6,40,1
303,7,35,5,25,2
303,6,40,6,25,2
303,8,25,4,35,2
303,4,30,8,30,1
303,4,35,8,20,1
303,5,40,7,20,2
303,7,30,4,30,2
304,5,25,7,35,1
304,8,20,5,40,1
304,6,20,6,40,1
304,7,35,5,25,2
304,6,40,6,25,2
304,8,25,4,35,2
304,4,30,8,30,1
304,4,35,8,20,2
304,5,40,7,20,2
304,7,30,4,30,2
305,5,25,7,35,1
305,8,20,5,40,1
305,6,20,6,40,1
305,7,35,5,25,2
305,6,40,6,25,2
305,8,25,4,35,2
305,4,30,8,30,1
305,4,35,8,20,2
305,5,40,7,20,2
305,7,30,4,30,2
306,5,25,7,35,1
306,8,20,5,40,1
306,6,20,6,40,1
306,7,35,5,25,2
306,6,40,6,25,2
306,8,25,4,35,2
306,4,30,8,30,1
306,4,35,8,20,1
306,5,40,7,20,1
306,7,30,4,30,2
307,5,25,7,35,2
307,8,20,5,40,1
307,6,20,6,40,1
307,7,35,5,25,2
307,6,40,6,25,2
307,8,25,4,35,1
307,4,30,8,30,1
307,4,35,8,20,2
307,5,40,7,20,2
307,7,30,4,30,2
308,5,25,7,35,1
308,8,20,5,40,1
308,6,20,6,40,1
308,7,35,5,25,2
308,6,40,6,25,2
308,8,25,4,35,2
308,4,30,8,30,1
308,4,35,8,20,1
308,5,40,7,20,2
308,7,30,4,30,1
309,5,25,7,35,1
309,8,20,5,40,1
309,6,20,6,40,1
309,7,35,5,25,2
309,6,40,6,25,2
309,8,25,4,35,1
309,4,30,8,30,1
309,4,35,8,20,2
309,5,40,7,20,2
309,7,30,4,30,2
310,5,25,7,35,1
310,8,20,5,40,2
310,6,20,6,40,1
310,7,35,5,25,2
310,6,40,6,25,2
310,8,25,4,35,2
310,4,30,8,30,1
310,4,35,8,20,2
310,5,40,7,20,2
310,7,30,4,30,2
311,5,25,7,35,1
311,8,20,5,40,1
311,6,20,6,40,1
311,7,35,5,25,2
311,6,40,6,25,2
311,8,25,4,35,2
311,4,30,8,30,1
311,4,35,8,20,1
311,5,40,7,20,2
311,7,30,4,30,2
312,5,25,7,35,1
312,8,20,5,40,1
312,6,20,6,40,1
312,7,35,5,25,2
312,6,40,6,25,2
312,8,25,4,35,2
312,4,30,8,30,1
312,4,35,8,20,2
312,5,40,7,20,2
312,7,30,4,30,2
313,5,25,7,35,1
313,8,20,5,40,2
313,6,20,6,40,1
313,7,35,5,25,1
313,6,40,6,25,2
313,8,25,4,35,1
313,4,30,8,30,1
313,4,35,8,20,1
313,5,40,7,20,2
313,7,30,4,30,2
314,5,25,7,35,2
314,8,20,5,40,1
314,6,20,6,40,1
314,7,35,5,25,2
314,6,40,6,25,2
314,8,25,4,35,2
314,4,30,8,30,1
314,4,35,8,20,2
314,5,40,7,20,2
314,7,30,4,30,1
315,5,25,7,35,1
315,8,20,5,40,1
315,6,20,6,40,1
315,7,35,5,25,2
315,6,40,6,25,2
315,8,25,4,35,2
315,4,30,8,30,1
315,4,35,8,20,2
315,5,40,7,20,2
315,7,30,4,30,2
316,5,25,7,35,2
316,8,20,5,40,2
316,6,20,6,40,2
316,7,35,5,25,2
316,6,40,6,25,2
316,8,25,4,35,1
316,4,30,8,30,1
316,4,35,8,20,2
316,5,40,7,20,2
316,7,30,4,30,2
317,5,25,7,35,1
317,8,20,5,40,2
317,6,20,6,40,1
317,7,35,5,25,2
317,6,40,6,25,2
317,8,25,4,35,2
317,4,30,8,30,1
317,4,35,8,20,2
317,5,40,7,20,1
317,7,30,4,30,2
318,5,25,7,35,1
318,8,20,5,40,2
318,6,20,6,40,1
318,7,35,5,25,2
318,6,40,6,25,1
318,8,25,4,35,2
318,4,30,8,30,1
318,4,35,8,20,2
318,5,40,7,20,2
318,7,30,4,30,2
319,5,25,7,35,1
319,8,20,5,40,1
319,6,20,6,40,1
319,7,35,5,25,2
319,6,40,6,25,2
319,8,25,4,35,1
319,4,30,8,30,1
319,4,35,8,20,2
319,5,40,7,20,1
319,7,30,4,30,2
320,5,25,7,35,1
320,8,20,5,40,1
320,6,20,6,40,1
320,7,35,5,25,2
320,6,40,6,25,2
320,8,25,4,35,2
320,4,30,8,30,1
320,4,35,8,20,2
320,5,40,7,20,2
320,7,30,4,30,2
321,5,25,7,35,1
321,8,20,5,40,1
321,6,20,6,40,1
321,7,35,5,25,2
321,6,40,6,25,2
321,8,25,4,35,2
321,4,30,8,30,1
321,4,35,8,20,1
321,5,40,7,20,1
321,7,30,4,30,2
322,5,25,7,35,1
322,8,20,5,40,1
322,6,20,6,40,1
322,7,35,5,25,2
322,6,40,6,25,2
322,8,25,4,35,2
322,4,30,8,30,1
322,4,35,8,20,2
322,5,40,7,20,2
322,7,30,4,30,2
323,5,25,7,35,1
323,8,20,5,40,1
323,6,20,6,40,1
323,7,35,5,25,1
323,6,40,6,25,2
323,8,25,4,35,2
323,4,30,8,30,1
323,4,35,8,20,2
323,5,40,7,20,2
323,7,30,4,30,2
324,5,25,7,35,1
324,8,20,5,40,1
324,6,20,6,40,1
324,7,35,5,25,2
324,6,40,6,25,2
324,8,25,4,35,2
324,4,30,8,30,1
324,4,35,8,20,2
324,5,40,7,20,2
324,7,30,4,30,1
325,5,25,7,35,1
325,8,20,5,40,2
325,6,20,6,40,1
325,7,35,5,25,2
325,6,40,6,25,2
325,8,25,4,35,2
325,4,30,8,30,1
325,4,35,8,20,1
325,5,40,7,20,2
325,7,30,4,30,2
326,5,25,7,35,1
326,8,20,5,40,2
326,6,20,6,40,1
326,7,35,5,25,2
326,6,40,6,25,2
326,8,25,4,35,2
326,4,30,8,30,1
326,4,35,8,20,1
326,5,40,7,20,2
326,7,30,4,30,2
327,5,25,7,35,1
327,8,20,5,40,1
327,6,20,6,40,1
327,7,35,5,25,2
327,6,40,6,25,2
327,8,25,4,35,2
327,4,30,8,30,1
327,4,35,8,20,1
327,5,40,7,20,2
327,7,30,4,30,1
328,5,25,7,35,2
328,8,20,5,40,1
328,6,20,6,40,1
328,7,35,5,25,2
328,6,40,6,25,2
328,8,25,4,35,2
328,4,30,8,30,2
328,4,35,8,20,1
328,5,40,7,20,2
328,7,30,4,30,2
329,5,25,7,35,1
329,8,20,5,40,1
329,6,20,6,40,1
329,7,35,5,25,2
329,6,40,6,25,2
329,8,25,4,35,2
329,4,30,8,30,2
329,4,35,8,20,2
329,5,40,7,20,2
329,7,30,4,30,1
330,5,25,7,35,1
330,8,20,5,40,1
330,6,20,6,40,1
330,7,35,5,25,2
330,6,40,6,25,2
330,8,25,4,35,2
330,4,30,8,30,2
330,4,35,8,20,2
330,5,40,7,20,2
330,7,30,4,30,2
331,5,25,7,35,1
331,8,20,5,40,2
331,6,20,6,40,1
331,7,35,5,25,2
331,6,40,6,25,2
331,8,25,4,35,2
331,4,30,8,30,1
331,4,35,8,20,1
331,5,40,7,20,2
331,7,30,4,30,2
332,5,25,7,35,1
332,8,20,5,40,1
332,6,20,6,40,1
332,7,35,5,25,2
332,6,40,6,25,2
332,8,25,4,35,2
332,4,30,8,30,1
332,4,35,8,20,1
332,5,40,7,20,2
332,7,30,4,30,2
333,5,25,7,35,1
333,8,20,5,40,1
333,6,20,6,40,1
333,7,35,5,25,2
333,6,40,6,25,2
333,8,25,4,35,2
333,4,30,8,30,1
333,4,35,8,20,2
333,5,40,7,20,2
333,7,30,4,30,2
334,5,25,7,35,1
334,8,20,5,40,1
334,6,20,6,40,1
334,7,35,5,25,2
334,6,40,6,25,2
334,8,25,4,35,2
334,4,30,8,30,1
334,4,35,8,20,2
334,5,40,7,20,2
334,7,30,4,30,2
335,5,25,7,35,1
335,8,20,5,40,2
335,6,20,6,40,1
335,7,35,5,25,2
335,6,40,6,25,1
335,8,25,4,35,2
335,4,30,8,30,1
335,4,35,8,20,2
335,5,40,7,20,2
335,7,30,4,30,2
336,5,25,7,35,1
336,8,20,5,40,1
336,6,20,6,40,1
336,7,35,5,25,2
336,6,40,6,25,2
336,8,25,4,35,2
336,4,30,8,30,1
336,4,35,8,20,2
336,5,40,7,20,2
336,7,30,4,30,2
337,5,25,7,35,1
337,8,20,5,40,1
337,6,20,6,40,1
337,7,35,5,25,2
337,6,40,6,25,2
337,8,25,4,35,1
337,4,30,8,30,1
337,4,35,8,20,2
337,5,40,7,20,2
337,7,30,4,30,2
338,5,25,7,35,1
338,8,20,5,40,1
338,6,20,6,40,1
338,7,35,5,25,2
338,6,40,6,25,2
338,8,25,4,35,2
338,4,30,8,30,1
338,4,35,8,20,2
338,5,40,7,20,2
338,7,30,4,30,2
339,5,25,7,35,1
339,8,20,5,40,2
339,6,20,6,40,1
339,7,35,5,25,1
339,6,40,6,25,2
339,8,25,4,35,2
339,4,30,8,30,1
339,4,35,8,20,2
339,5,40,7,20,2
339,7,30,4,30,1
340,5,25,7,35,1
340,8,20,5,40,2
340,6,20,6,40,1
340,7,35,5,25,2
340,6,40,6,25,2
340,8,25,4,35,2
340,4,30,8,30,1
340,4,35,8,20,1
340,5,40,7,20,2
340,7,30,4,30,1
341,5,25,7,35,1
341,8,20,5,40,2
341,6,20,6,40,1
341,7,35,5,25,2
341,6,40,6,25,2
341,8,25,4,35,2
341,4,30,8,30,1
341,4,35,8,20,2
341,5,40,7,20,2
341,7,30,4,30,2
342,5,25,7,35,1
342,8,20,5,40,1
342,6,20,6,40,1
342,7,35,5,25,2
342,6,40,6,25,2
342,8,25,4,35,2
342,4,30,8,30,1
342,4,35,8,20,2
342,5,40,7,20,2
342,7,30,4,30,2
343,5,25,7,35,1
343,8,20,5,40,1
343,6,20,6,40,1
343,7,35,5,25,2
343,6,40,6,25,2
343,8,25,4,35,2
343,4,30,8,30,1
343,4,35,8,20,1
343,5,40,7,20,2
343,7,30,4,30,2
344,5,25,7,35,1
344,8,20,5,40,2
344,6,20,6,40,1
344,7,35,5,25,2
344,6,40,6,25,2
344,8,25,4,35,1
344,4,30,8,30,1
344,4,35,8,20,2
344,5,40,7,20,2
344,7,30,4,30,2
345,5,25,7,35,2
345,8,20,5,40,2
345,6,20,6,40,2
345,7,35,5,25,2
345,6,40,6,25,2
345,8,25,4,35,2
345,4,30,8,30,1
345,4,35,8,20,1
345,5,40,7,20,2
345,7,30,4,30,2
346,5,25,7,35,1
346,8,20,5,40,1
346,6,20,6,40,2
346,7,35,5,25,2
346,6,40,6,25,2
346,8,25,4,35,1
346,4,30,8,30,1
346,4,35,8,20,2
346,5,40,7,20,2
346,7,30,4,30,2
347,5,25,7,35,1
347,8,20,5,40,2
347,6,20,6,40,1
347,7,35,5,25,2
347,6,40,6,25,2
347,8,25,4,35,2
347,4,30,8,30,1
347,4,35,8,20,1
347,5,40,7,20,1
347,7,30,4,30,2
348,5,25,7,35,1
348,8,20,5,40,1
348,6,20,6,40,1
348,7,35,5,25,2
348,6,40,6,25,2
348,8,25,4,35,1
348,4,30,8,30,1
348,4,35,8,20,1
348,5,40,7,20,2
348,7,30,4,30,1
349,5,25,7,35,1
349,8,20,5,40,2
349,6,20,6,40,1
349,7,35,5,25,2
349,6,40,6,25,2
349,8,25,4,35,2
349,4,30,8,30,1
349,4,35,8,20,2
349,5,40,7,20,2
349,7,30,4,30,2
350,5,25,7,35,1
350,8,20,5,40,1
350,6,20,6,40,1
350,7,35,5,25,2
350,6,40,6,25,2
350,8,25,4,35,2
350,4,30,8,30,1
350,4,35,8,20,2
350,5,40,7,20,2
350,7,30,4,30,2
351,5,25,7,35,1
351,8,20,5,40,1
351,6,20,6,40,1
351,7,35,5,25,2
351,6,40,6,25,2
351,8,25,4,35,1
351,4,30,8,30,1
351,4,35,8,20,2
351,5,40,7,20,2
351,7,30,4,30,2
352,5,25,7,35,1
352,8,20,5,40,1
352,6,20,6,40,1
352,7,35,5,25,2
352,6,40,6,25,2
352,8,25,4,35,1
352,4,30,8,30,1
352,4,35,8,20,2
352,5,40,7,20,1
352,7,30,4,30,2
353,5,25,7,35,1
353,8,20,5,40,2
353,6,20,6,40,1
353,7,35,5,25,2
353,6,40,6,25,2
353,8,25,4,35,2
353,4,30,8,30,1
353,4,35,8,20,2
353,5,40,7,20,2
353,7,30,4,30,2
354,5,25,7,35,1
354,8,20,5,40,2
354,6,20,6,40,2
354,7,35,5,25,2
354,6,40,6,25,2
354,8,25,4,35,1
354,4,30,8,30,1
354,4,35,8,20,2
354,5,40,7,20,1
354,7,30,4,30,2
355,5,25,7,35,1
355,8,20,5,40,2
355,6,20,6,40,1
355,7,35,5,25,2
355,6,40,6,25,2
355,8,25,4,35,2
355,4,30,8,30,1
355,4,35,8,20,2
355,5,40,7,20,2
355,7,30,4,30,2
356,5,25,7,35,2
356,8,20,5,40,2
356,6,20,6,40,2
356,7,35,5,25,2
356,6,40,6,25,2
356,8,25,4,35,2
356,4,30,8,30,1
356,4,35,8,20,1
356,5,40,7,20,1
356,7,30,4,30,2
357,5,25,7,35,1
357,8,20,5,40,1
357,6,20,6,40,1
357,7,35,5,25,2
357,6,40,6,25,2
357,8,25,4,35,1
357,4,30,8,30,1
357,4,35,8,20,2
357,5,40,7,20,2
357,7,30,4,30,2
358,5,25,7,35,1
358,8,20,5,40,1
358,6,20,6,40,1
358,7,35,5,25,2
358,6,40,6,25,2
358,8,25,4,35,2
358,4,30,8,30,1
358,4,35,8,20,2
358,5,40,7,20,2
358,7,30,4,30,2
359,5,25,7,35,1
359,8,20,5,40,1
359,6,20,6,40,1
359,7,35,5,25,1
359,6,40,6,25,2
359,8,25,4,35,2
359,4,30,8,30,1
359,4,35,8,20,1
359,5,40,7,20,2
359,7,30,4,30,2
360,5,25,7,35,2
360,8,20,5,40,2
360,6,20,6,40,1
360,7,35,5,25,2
360,6,40,6,25,2
360,8,25,4,35,2
360,4,30,8,30,2
360,4,35,8,20,1
360,5,40,7,20,2
360,7,30,4,30,2
361,5,25,7,35,1
361,8,20,5,40,1
361,6,20,6,40,1
361,7,35,5,25,2
361,6,40,6,25,2
361,8,25,4,35,2
361,4,30,8,30,1
361,4,35,8,20,2
361,5,40,7,20,2
361,7,30,4,30,2
362,5,25,7,35,1
362,8,20,5,40,1
362,6,20,6,40,1
362,7,35,5,25,2
362,6,40,6,25,2
362,8,25,4,35,1
362,4,30,8,30,1
362,4,35,8,20,2
362,5,40,7,20,2
362,7,30,4,30,2
363,5,25,7,35,1
363,8,20,5,40,2
363,6,20,6,40,1
363,7,35,5,25,2
363,6,40,6,25,2
363,8,25,4,35,2
363,4,30,8,30,1
363,4,35,8,20,1
363,5,40,7,20,2
363,7,30,4,30,2
364,5,25,7,35,1
364,8,20,5,40,1
364,6,20,6,40,1
364,7,35,5,25,2
364,6,40,6,25,2
364,8,25,4,35,2
364,4,30,8,30,1
364,4,35,8,20,2
364,5,40,7,20,2
364,7,30,4,30,2
365,5,25,7,35,1
365,8,20,5,40,1
365,6,20,6,40,1
365,7,35,5,25,2
365,6,40,6,25,2
365,8,25,4,35,2
365,4,30,8,30,2
365,4,35,8,20,2
365,5,40,7,20,2
365,7,30,4,30,2
366,5,25,7,35,1
366,8,20,5,40,2
366,6,20,6,40,2
366,7,35,5,25,2
366,6,40,6,25,2
366,8,25,4,35,2
366,4,30,8,30,1
366,4,35,8,20,1
366,5,40,7,20,2
366,7,30,4,30,2
367,5,25,7,35,1
367,8,20,5,40,2
367,6,20,6,40,1
367,7,35,5,25,2
367,6,40,6,25,2
367,8,25,4,35,2
367,4,30,8,30,1
367,4,35,8,20,2
367,5,40,7,20,2
367,7,30,4,30,2
368,5,25,7,35,1
368,8,20,5,40,2
368,6,20,6,40,1
368,7,35,5,25,1
368,6,40,6,25,2
368,8,25,4,35,2
368,4,30,8,30,1
368,4,35,8,20,1
368,5,40,7,20,2
368,7,30,4,30,2
369,5,25,7,35,2
369,8,20,5,40,1
369,6,20,6,40,1
369,7,35,5,25,2
369,6,40,6,25,2
369,8,25,4,35,2
369,4,30,8,30,1
369,4,35,8,20,1
369,5,40,7,20,2
369,7,30,4,30,2
370,5,25,7,35,1
370,8,20,5,40,2
370,6,20,6,40,1
370,7,35,5,25,1
370,6,40,6,25,2
370,8,25,4,35,2
370,4,30,8,30,1
370,4,35,8,20,1
370,5,40,7,20,2
370,7,30,4,30,2
371,5,25,7,35,1
371,8,20,5,40,1
371,6,20,6,40,1
371,7,35,5,25,1
371,6,40,6,25,2
371,8,25,4,35,2
371,4,30,8,30,1
371,4,35,8,20,1
371,5,40,7,20,2
371,7,30,4,30,2
372,5,25,7,35,1
372,8,20,5,40,1
372,6,20,6,40,1
372,7,35,5,25,2
372,6,40,6,25,2
372,8,25,4,35,2
372,4,30,8,30,1
372,4,35,8,20,1
372,5,40,7,20,2
372,7,30,4,30,2
373,5,25,7,35,1
373,8,20,5,40,2
373,6,20,6,40,1
373,7,35,5,25,2
373,6,40,6,25,2
373,8,25,4,35,2
373,4,30,8,30,1
373,4,35,8,20,2
373,5,40,7,20,1
373,7,30,4,30,2
374,5,25,7,35,1
374,8,20,5,40,2
374,6,20,6,40,2
374,7,35,5,25,2
374,6,40,6,25,2
374,8,25,4,35,1
374,4,30,8,30,2
374,4,35,8,20,2
374,5,40,7,20,2
374,7,30,4,30,2
375,5,25,7,35,1
375,8,20,5,40,1
375,6,20,6,40,1
375,7,35,5,25,2
375,6,40,6,25,2
375,8,25,4,35,2
375,4,30,8,30,1
375,4,35,8,20,2
375,5,40,7,20,1
375,7,30,4,30,2
376,5,25,7,35,1
376,8,20,5,40,1
376,6,20,6,40,1
376,7,35,5,25,2
376,6,40,6,25,2
376,8,25,4,35,2
376,4,30,8,30,1
376,4,35,8,20,2
376,5,40,7,20,2
376,7,30,4,30,2
377,5,25,7,35,1
377,8,20,5,40,1
377,6,20,6,40,1
377,7,35,5,25,2
377,6,40,6,25,2
377,8,25,4,35,1
377,4,30,8,30,1
377,4,35,8,20,2
377,5,40,7,20,2
377,7,30,4,30,2
378,5,25,7,35,1
378,8,20,5,40,1
378,6,20,6,40,1
378,7,35,5,25,2
378,6,40,6,25,2
378,8,25,4,35,1
378,4,30,8,30,1
378,4,35,8,20,1
378,5,40,7,20,2
378,7,30,4,30,2
379,5,25,7,35,2
379,8,20,5,40,2
379,6,20,6,40,1
379,7,35,5,25,2
379,6,40,6,25,1
379,8,25,4,35,2
379,4,30,8,30,1
379,4,35,8,20,2
379,5,40,7,20,2
379,7,30,4,30,2
380,5,25,7,35,1
380,8,20,5,40,1
380,6,20,6,40,1
380,7,35,5,25,2
380,6,40,6,25,2
380,8,25,4,35,2
380,4,30,8,30,1
380,4,35,8,20,1
380,5,40,7,20,2
380,7,30,4,30,2
381,5,25,7,35,1
381,8,20,5,40,2
381,6,20,6,40,1
381,7,35,5,25,2
381,6,40,6,25,2
381,8,25,4,35,2
381,4,30,8,30,1
381,4,35,8,20,2
381,5,40,7,20,2
381,7,30,4,30,2
382,5,25,7,35,1
382,8,20,5,40,2
382,6,20,6,40,1
382,7,35,5,25,2
382,6,40,6,25,2
382,8,25,4,35,1
382,4,30,8,30,2
382,4,35,8,20,1
382,5,40,7,20,2
382,7,30,4,30,2
383,5,25,7,35,1
383,8,20,5,40,2
383,6,20,6,40,1
383,7,35,5,25,2
383,6,40,6,25,2
383,8,25,4,35,2
383,4,30,8,30,1
383,4,35,8,20,1
383,5,40,7,20,2
383,7,30,4,30,2
384,5,25,7,35,1
384,8,20,5,40,2
384,6,20,6,40,1
384,7,35,5,25,2
384,6,40,6,25,1
384,8,25,4,35,2
384,4,30,8,30,2
384,4,35,8,20,1
384,5,40,7,20,2
384,7,30,4,30,2
385,5,25,7,35,1
385,8,20,5,40,2
385,6,20,6,40,1
385,7,35,5,25,2
385,6,40,6,25,2
385,8,25,4,35,2
385,4,30,8,30,1
385,4,35,8,20,2
385,5,40,7,20,2
385,7,30,4,30,2
386,5,25,7,35,1
386,8,20,5,40,2
386,6,20,6,40,1
386,7,35,5,25,2
386,6,40,6,25,2
386,8,25,4,35,2
386,4,30,8,30,1
386,4,35,8,20,2
386,5,40,7,20,2
386,7,30,4,30,2
387,5,25,7,35,1
387,8,20,5,40,2
387,6,20,6,40,1
387,7,35,5,25,1
387,6,40,6,25,2
387,8,25,4,35,2
387,4,30,8,30,2
387,4,35,8,20,1
387,5,40,7,20,2
387,7,30,4,30,2
388,5,25,7,35,1
388,8,20,5,40,1
388,6,20,6,40,1
388,7,35,5,25,2
388,6,40,6,25,2
388,8,25,4,35,1
388,4,30,8,30,2
388,4,35,8,20,1
388,5,40,7,20,2
388,7,30,4,30,1
389,5,25,7,35,1
389,8,20,5,40,1
389,6,20,6,40,1
389,7,35,5,25,2
389,6,40,6,25,2
389,8,25,4,35,2
389,4,30,8,30,1
389,4,35,8,20,2
389,5,40,7,20,2
389,7,30,4,30,2
390,5,25,7,35,1
390,8,20,5,40,1
390,6,20,6,40,1
390,7,35,5,25,2
390,6,40,6,25,2
390,8,25,4,35,2
390,4,30,8,30,1
390,4,35,8,20,1
390,5,40,7,20,2
390,7,30,4,30,2
391,5,25,7,35,2
391,8,20,5,40,1
391,6,20,6,40,1
391,7,35,5,25,2
391,6,40,6,25,2
391,8,25,4,35,2
391,4,30,8,30,1
391,4,35,8,20,1
391,5,40,7,20,2
391,7,30,4,30,2
392,5,25,7,35,1
392,8,20,5,40,2
392,6,20,6,40,1
392,7,35,5,25,2
392,6,40,6,25,2
392,8,25,4,35,1
392,4,30,8,30,1
392,4,35,8,20,2
392,5,40,7,20,2
392,7,30,4,30,2
393,5,25,7,35,1
393,8,20,5,40,2
393,6,20,6,40,1
393,7,35,5,25,1
393,6,40,6,25,2
393,8,25,4,35,2
393,4,30,8,30,1
393,4,35,8,20,2
393,5,40,7,20,2
393,7,30,4,30,2
394,5,25,7,35,1
394,8,20,5,40,1
394,6,20,6,40,1
394,7,35,5,25,2
394,6,40,6,25,2
394,8,25,4,35,2
394,4,30,8,30,1
394,4,35,8,20,2
394,5,40,7,20,2
394,7,30,4,30,2
395,5,25,7,35,1
395,8,20,5,40,1
395,6,20,6,40,1
395,7,35,5,25,2
395,6,40,6,25,2
395,8,25,4,35,2
395,4,30,8,30,1
395,4,35,8,20,2
395,5,40,7,20,2
395,7,30,4,30,2
396,5,25,7,35,1
396,8,20,5,40,1
396,6,20,6,40,1
396,7,35,5,25,2
396,6,40,6,25,2
396,8,25,4,35,2
396,4,30,8,30,2
396,4,35,8,20,1
396,5,40,7,20,2
396,7,30,4,30,2
397,5,25,7,35,1
397,8,20,5,40,2
397,6,20,6,40,2
397,7,35,5,25,2
397,6,40,6,25,2
397,8,25,4,35,2
397,4,30,8,30,1
397,4,35,8,20,2
397,5,40,7,20,2
397,7,30,4,30,2
398,5,25,7,35,2
398,8,20,5,40,1
398,6,20,6,40,1
398,7,35,5,25,2
398,6,40,6,25,2
398,8,25,4,35,2
398,4,30,8,30,1
398,4,35,8,20,1
398,5,40,7,20,2
398,7,30,4,30,2
399,5,25,7,35,1
399,8,20,5,40,1
399,6,20,6,40,1
399,7,35,5,25,2
399,6,40,6,25,2
399,8,25,4,35,2
399,4,30,8,30,1
399,4,35,8,20,2
399,5,40,7,20,2
399,7,30,4,30,2
400,5,25,7,35,2
400,8,20,5,40,1
400,6,20,6,40,1
400,7,35,5,25,2
400,6,40,6,25,2
400,8,25,4,35,2
400,4,30,8,30,2
400,4,35,8,20,2
400,5,40,7,20,2
400,7,30,4,30,2
